8.000000000000000000e+00
8.004004004004004358e+00
8.008008008008008716e+00
8.012012012012011297e+00
8.016016016016015655e+00
8.020020020020020013e+00
8.024024024024024371e+00
8.028028028028028729e+00
8.032032032032031310e+00
8.036036036036035668e+00
8.040040040040040026e+00
8.044044044044044384e+00
8.048048048048048742e+00
8.052052052052051323e+00
8.056056056056055681e+00
8.060060060060060039e+00
8.064064064064064397e+00
8.068068068068068754e+00
8.072072072072071336e+00
8.076076076076075694e+00
8.080080080080080052e+00
8.084084084084084409e+00
8.088088088088088767e+00
8.092092092092091349e+00
8.096096096096095707e+00
8.100100100100100065e+00
8.104104104104104422e+00
8.108108108108108780e+00
8.112112112112111362e+00
8.116116116116115720e+00
8.120120120120120077e+00
8.124124124124124435e+00
8.128128128128128793e+00
8.132132132132131375e+00
8.136136136136135732e+00
8.140140140140140090e+00
8.144144144144144448e+00
8.148148148148148806e+00
8.152152152152151388e+00
8.156156156156155745e+00
8.160160160160160103e+00
8.164164164164164461e+00
8.168168168168168819e+00
8.172172172172171400e+00
8.176176176176175758e+00
8.180180180180180116e+00
8.184184184184184474e+00
8.188188188188188832e+00
8.192192192192191413e+00
8.196196196196195771e+00
8.200200200200200129e+00
8.204204204204204487e+00
8.208208208208208845e+00
8.212212212212211426e+00
8.216216216216215784e+00
8.220220220220220142e+00
8.224224224224224500e+00
8.228228228228228858e+00
8.232232232232231439e+00
8.236236236236235797e+00
8.240240240240240155e+00
8.244244244244244513e+00
8.248248248248248871e+00
8.252252252252251452e+00
8.256256256256255810e+00
8.260260260260260168e+00
8.264264264264264526e+00
8.268268268268268884e+00
8.272272272272271465e+00
8.276276276276275823e+00
8.280280280280280181e+00
8.284284284284284539e+00
8.288288288288288896e+00
8.292292292292291478e+00
8.296296296296295836e+00
8.300300300300300194e+00
8.304304304304304551e+00
8.308308308308308909e+00
8.312312312312311491e+00
8.316316316316315849e+00
8.320320320320320207e+00
8.324324324324324564e+00
8.328328328328328922e+00
8.332332332332331504e+00
8.336336336336335862e+00
8.340340340340340219e+00
8.344344344344344577e+00
8.348348348348348935e+00
8.352352352352351517e+00
8.356356356356355874e+00
8.360360360360360232e+00
8.364364364364364590e+00
8.368368368368368948e+00
8.372372372372371530e+00
8.376376376376375887e+00
8.380380380380380245e+00
8.384384384384384603e+00
8.388388388388388961e+00
8.392392392392391542e+00
8.396396396396395900e+00
8.400400400400400258e+00
8.404404404404404616e+00
8.408408408408408974e+00
8.412412412412411555e+00
8.416416416416415913e+00
8.420420420420420271e+00
8.424424424424424629e+00
8.428428428428428987e+00
8.432432432432431568e+00
8.436436436436435926e+00
8.440440440440440284e+00
8.444444444444444642e+00
8.448448448448449000e+00
8.452452452452451581e+00
8.456456456456455939e+00
8.460460460460460297e+00
8.464464464464464655e+00
8.468468468468469013e+00
8.472472472472471594e+00
8.476476476476475952e+00
8.480480480480480310e+00
8.484484484484484668e+00
8.488488488488489025e+00
8.492492492492491607e+00
8.496496496496495965e+00
8.500500500500500323e+00
8.504504504504504681e+00
8.508508508508509038e+00
8.512512512512511620e+00
8.516516516516515978e+00
8.520520520520520336e+00
8.524524524524524693e+00
8.528528528528529051e+00
8.532532532532531633e+00
8.536536536536535991e+00
8.540540540540540349e+00
8.544544544544544706e+00
8.548548548548549064e+00
8.552552552552551646e+00
8.556556556556556004e+00
8.560560560560560361e+00
8.564564564564564719e+00
8.568568568568569077e+00
8.572572572572571659e+00
8.576576576576576016e+00
8.580580580580580374e+00
8.584584584584584732e+00
8.588588588588589090e+00
8.592592592592591672e+00
8.596596596596596029e+00
8.600600600600600387e+00
8.604604604604604745e+00
8.608608608608609103e+00
8.612612612612611684e+00
8.616616616616616042e+00
8.620620620620620400e+00
8.624624624624624758e+00
8.628628628628629116e+00
8.632632632632631697e+00
8.636636636636636055e+00
8.640640640640640413e+00
8.644644644644644771e+00
8.648648648648649129e+00
8.652652652652651710e+00
8.656656656656656068e+00
8.660660660660660426e+00
8.664664664664664784e+00
8.668668668668669142e+00
8.672672672672671723e+00
8.676676676676676081e+00
8.680680680680680439e+00
8.684684684684684797e+00
8.688688688688689155e+00
8.692692692692693512e+00
8.696696696696696094e+00
8.700700700700700452e+00
8.704704704704704810e+00
8.708708708708709167e+00
8.712712712712713525e+00
8.716716716716716107e+00
8.720720720720720465e+00
8.724724724724724823e+00
8.728728728728729180e+00
8.732732732732733538e+00
8.736736736736736120e+00
8.740740740740740478e+00
8.744744744744744835e+00
8.748748748748749193e+00
8.752752752752753551e+00
8.756756756756756133e+00
8.760760760760760490e+00
8.764764764764764848e+00
8.768768768768769206e+00
8.772772772772773564e+00
8.776776776776776146e+00
8.780780780780780503e+00
8.784784784784784861e+00
8.788788788788789219e+00
8.792792792792793577e+00
8.796796796796796158e+00
8.800800800800800516e+00
8.804804804804804874e+00
8.808808808808809232e+00
8.812812812812813590e+00
8.816816816816816171e+00
8.820820820820820529e+00
8.824824824824824887e+00
8.828828828828829245e+00
8.832832832832833603e+00
8.836836836836836184e+00
8.840840840840840542e+00
8.844844844844844900e+00
8.848848848848849258e+00
8.852852852852853616e+00
8.856856856856856197e+00
8.860860860860860555e+00
8.864864864864864913e+00
8.868868868868869271e+00
8.872872872872873629e+00
8.876876876876876210e+00
8.880880880880880568e+00
8.884884884884884926e+00
8.888888888888889284e+00
8.892892892892893641e+00
8.896896896896896223e+00
8.900900900900900581e+00
8.904904904904904939e+00
8.908908908908909297e+00
8.912912912912913654e+00
8.916916916916916236e+00
8.920920920920920594e+00
8.924924924924924952e+00
8.928928928928929309e+00
8.932932932932933667e+00
8.936936936936936249e+00
8.940940940940940607e+00
8.944944944944944965e+00
8.948948948948949322e+00
8.952952952952953680e+00
8.956956956956956262e+00
8.960960960960960620e+00
8.964964964964964977e+00
8.968968968968969335e+00
8.972972972972973693e+00
8.976976976976976275e+00
8.980980980980980632e+00
8.984984984984984990e+00
8.988988988988989348e+00
8.992992992992993706e+00
8.996996996996996288e+00
9.001001001001000645e+00
9.005005005005005003e+00
9.009009009009009361e+00
9.013013013013013719e+00
9.017017017017016300e+00
9.021021021021020658e+00
9.025025025025025016e+00
9.029029029029029374e+00
9.033033033033033732e+00
9.037037037037036313e+00
9.041041041041040671e+00
9.045045045045045029e+00
9.049049049049049387e+00
9.053053053053053745e+00
9.057057057057056326e+00
9.061061061061060684e+00
9.065065065065065042e+00
9.069069069069069400e+00
9.073073073073073758e+00
9.077077077077076339e+00
9.081081081081080697e+00
9.085085085085085055e+00
9.089089089089089413e+00
9.093093093093093771e+00
9.097097097097096352e+00
9.101101101101100710e+00
9.105105105105105068e+00
9.109109109109109426e+00
9.113113113113113783e+00
9.117117117117116365e+00
9.121121121121120723e+00
9.125125125125125081e+00
9.129129129129129439e+00
9.133133133133133796e+00
9.137137137137136378e+00
9.141141141141140736e+00
9.145145145145145094e+00
9.149149149149149451e+00
9.153153153153153809e+00
9.157157157157156391e+00
9.161161161161160749e+00
9.165165165165165106e+00
9.169169169169169464e+00
9.173173173173173822e+00
9.177177177177176404e+00
9.181181181181180762e+00
9.185185185185185119e+00
9.189189189189189477e+00
9.193193193193193835e+00
9.197197197197196417e+00
9.201201201201200774e+00
9.205205205205205132e+00
9.209209209209209490e+00
9.213213213213213848e+00
9.217217217217218206e+00
9.221221221221220787e+00
9.225225225225225145e+00
9.229229229229229503e+00
9.233233233233233861e+00
9.237237237237238219e+00
9.241241241241240800e+00
9.245245245245245158e+00
9.249249249249249516e+00
9.253253253253253874e+00
9.257257257257258232e+00
9.261261261261260813e+00
9.265265265265265171e+00
9.269269269269269529e+00
9.273273273273273887e+00
9.277277277277278245e+00
9.281281281281280826e+00
9.285285285285285184e+00
9.289289289289289542e+00
9.293293293293293900e+00
9.297297297297298257e+00
9.301301301301300839e+00
9.305305305305305197e+00
9.309309309309309555e+00
9.313313313313313913e+00
9.317317317317318270e+00
9.321321321321320852e+00
9.325325325325325210e+00
9.329329329329329568e+00
9.333333333333333925e+00
9.337337337337338283e+00
9.341341341341340865e+00
9.345345345345345223e+00
9.349349349349349581e+00
9.353353353353353938e+00
9.357357357357358296e+00
9.361361361361360878e+00
9.365365365365365236e+00
9.369369369369369593e+00
9.373373373373373951e+00
9.377377377377378309e+00
9.381381381381380891e+00
9.385385385385385248e+00
9.389389389389389606e+00
9.393393393393393964e+00
9.397397397397398322e+00
9.401401401401400904e+00
9.405405405405405261e+00
9.409409409409409619e+00
9.413413413413413977e+00
9.417417417417418335e+00
9.421421421421420916e+00
9.425425425425425274e+00
9.429429429429429632e+00
9.433433433433433990e+00
9.437437437437438348e+00
9.441441441441440929e+00
9.445445445445445287e+00
9.449449449449449645e+00
9.453453453453454003e+00
9.457457457457458361e+00
9.461461461461460942e+00
9.465465465465465300e+00
9.469469469469469658e+00
9.473473473473474016e+00
9.477477477477478374e+00
9.481481481481480955e+00
9.485485485485485313e+00
9.489489489489489671e+00
9.493493493493494029e+00
9.497497497497498387e+00
9.501501501501500968e+00
9.505505505505505326e+00
9.509509509509509684e+00
9.513513513513514042e+00
9.517517517517518399e+00
9.521521521521520981e+00
9.525525525525525339e+00
9.529529529529529697e+00
9.533533533533534055e+00
9.537537537537538412e+00
9.541541541541540994e+00
9.545545545545545352e+00
9.549549549549549710e+00
9.553553553553554067e+00
9.557557557557558425e+00
9.561561561561561007e+00
9.565565565565565365e+00
9.569569569569569722e+00
9.573573573573574080e+00
9.577577577577578438e+00
9.581581581581581020e+00
9.585585585585585378e+00
9.589589589589589735e+00
9.593593593593594093e+00
9.597597597597598451e+00
9.601601601601601033e+00
9.605605605605605390e+00
9.609609609609609748e+00
9.613613613613614106e+00
9.617617617617618464e+00
9.621621621621621046e+00
9.625625625625625403e+00
9.629629629629629761e+00
9.633633633633634119e+00
9.637637637637638477e+00
9.641641641641641058e+00
9.645645645645645416e+00
9.649649649649649774e+00
9.653653653653654132e+00
9.657657657657658490e+00
9.661661661661661071e+00
9.665665665665665429e+00
9.669669669669669787e+00
9.673673673673674145e+00
9.677677677677678503e+00
9.681681681681681084e+00
9.685685685685685442e+00
9.689689689689689800e+00
9.693693693693694158e+00
9.697697697697698516e+00
9.701701701701701097e+00
9.705705705705705455e+00
9.709709709709709813e+00
9.713713713713714171e+00
9.717717717717718529e+00
9.721721721721721110e+00
9.725725725725725468e+00
9.729729729729729826e+00
9.733733733733734184e+00
9.737737737737738541e+00
9.741741741741741123e+00
9.745745745745745481e+00
9.749749749749749839e+00
9.753753753753754197e+00
9.757757757757758554e+00
9.761761761761761136e+00
9.765765765765765494e+00
9.769769769769769852e+00
9.773773773773774209e+00
9.777777777777778567e+00
9.781781781781781149e+00
9.785785785785785507e+00
9.789789789789789864e+00
9.793793793793794222e+00
9.797797797797798580e+00
9.801801801801801162e+00
9.805805805805805520e+00
9.809809809809809877e+00
9.813813813813814235e+00
9.817817817817818593e+00
9.821821821821821175e+00
9.825825825825825532e+00
9.829829829829829890e+00
9.833833833833834248e+00
9.837837837837838606e+00
9.841841841841841187e+00
9.845845845845845545e+00
9.849849849849849903e+00
9.853853853853854261e+00
9.857857857857858619e+00
9.861861861861861200e+00
9.865865865865865558e+00
9.869869869869869916e+00
9.873873873873874274e+00
9.877877877877878632e+00
9.881881881881881213e+00
9.885885885885885571e+00
9.889889889889889929e+00
9.893893893893894287e+00
9.897897897897898645e+00
9.901901901901901226e+00
9.905905905905905584e+00
9.909909909909909942e+00
9.913913913913914300e+00
9.917917917917918658e+00
9.921921921921921239e+00
9.925925925925925597e+00
9.929929929929929955e+00
9.933933933933934313e+00
9.937937937937938671e+00
9.941941941941941252e+00
9.945945945945945610e+00
9.949949949949949968e+00
9.953953953953954326e+00
9.957957957957958683e+00
9.961961961961961265e+00
9.965965965965965623e+00
9.969969969969969981e+00
9.973973973973974338e+00
9.977977977977978696e+00
9.981981981981981278e+00
9.985985985985985636e+00
9.989989989989989994e+00
9.993993993993994351e+00
9.997997997997998709e+00
1.000200200200200129e+01
1.000600600600600565e+01
1.001001001001001001e+01
1.001401401401401436e+01
1.001801801801801872e+01
1.002202202202202130e+01
1.002602602602602566e+01
1.003003003003003002e+01
1.003403403403403438e+01
1.003803803803803874e+01
1.004204204204204132e+01
1.004604604604604567e+01
1.005005005005005003e+01
1.005405405405405439e+01
1.005805805805805875e+01
1.006206206206206133e+01
1.006606606606606569e+01
1.007007007007007005e+01
1.007407407407407440e+01
1.007807807807807876e+01
1.008208208208208134e+01
1.008608608608608570e+01
1.009009009009009006e+01
1.009409409409409442e+01
1.009809809809809877e+01
1.010210210210210136e+01
1.010610610610610571e+01
1.011011011011011007e+01
1.011411411411411443e+01
1.011811811811811879e+01
1.012212212212212137e+01
1.012612612612612573e+01
1.013013013013013008e+01
1.013413413413413444e+01
1.013813813813813880e+01
1.014214214214214138e+01
1.014614614614614574e+01
1.015015015015015010e+01
1.015415415415415445e+01
1.015815815815815881e+01
1.016216216216216139e+01
1.016616616616616575e+01
1.017017017017017011e+01
1.017417417417417447e+01
1.017817817817817883e+01
1.018218218218218141e+01
1.018618618618618576e+01
1.019019019019019012e+01
1.019419419419419448e+01
1.019819819819819884e+01
1.020220220220220142e+01
1.020620620620620578e+01
1.021021021021021014e+01
1.021421421421421449e+01
1.021821821821821885e+01
1.022222222222222143e+01
1.022622622622622579e+01
1.023023023023023015e+01
1.023423423423423451e+01
1.023823823823823886e+01
1.024224224224224145e+01
1.024624624624624580e+01
1.025025025025025016e+01
1.025425425425425452e+01
1.025825825825825888e+01
1.026226226226226146e+01
1.026626626626626582e+01
1.027027027027027017e+01
1.027427427427427453e+01
1.027827827827827889e+01
1.028228228228228147e+01
1.028628628628628583e+01
1.029029029029029019e+01
1.029429429429429455e+01
1.029829829829829890e+01
1.030230230230230148e+01
1.030630630630630584e+01
1.031031031031031020e+01
1.031431431431431456e+01
1.031831831831831892e+01
1.032232232232232150e+01
1.032632632632632586e+01
1.033033033033033021e+01
1.033433433433433457e+01
1.033833833833833893e+01
1.034234234234234151e+01
1.034634634634634587e+01
1.035035035035035023e+01
1.035435435435435458e+01
1.035835835835835894e+01
1.036236236236236152e+01
1.036636636636636588e+01
1.037037037037037024e+01
1.037437437437437460e+01
1.037837837837837895e+01
1.038238238238238154e+01
1.038638638638638589e+01
1.039039039039039025e+01
1.039439439439439461e+01
1.039839839839839897e+01
1.040240240240240155e+01
1.040640640640640591e+01
1.041041041041041026e+01
1.041441441441441462e+01
1.041841841841841898e+01
1.042242242242242156e+01
1.042642642642642592e+01
1.043043043043043028e+01
1.043443443443443464e+01
1.043843843843843899e+01
1.044244244244244157e+01
1.044644644644644593e+01
1.045045045045045029e+01
1.045445445445445465e+01
1.045845845845845901e+01
1.046246246246246159e+01
1.046646646646646595e+01
1.047047047047047030e+01
1.047447447447447466e+01
1.047847847847847902e+01
1.048248248248248160e+01
1.048648648648648596e+01
1.049049049049049032e+01
1.049449449449449467e+01
1.049849849849849903e+01
1.050250250250250161e+01
1.050650650650650597e+01
1.051051051051051033e+01
1.051451451451451469e+01
1.051851851851851904e+01
1.052252252252252163e+01
1.052652652652652598e+01
1.053053053053053034e+01
1.053453453453453470e+01
1.053853853853853906e+01
1.054254254254254164e+01
1.054654654654654600e+01
1.055055055055055035e+01
1.055455455455455471e+01
1.055855855855855907e+01
1.056256256256256165e+01
1.056656656656656601e+01
1.057057057057057037e+01
1.057457457457457473e+01
1.057857857857857908e+01
1.058258258258258167e+01
1.058658658658658602e+01
1.059059059059059038e+01
1.059459459459459474e+01
1.059859859859859910e+01
1.060260260260260168e+01
1.060660660660660604e+01
1.061061061061061039e+01
1.061461461461461475e+01
1.061861861861861911e+01
1.062262262262262169e+01
1.062662662662662605e+01
1.063063063063063041e+01
1.063463463463463476e+01
1.063863863863863912e+01
1.064264264264264170e+01
1.064664664664664606e+01
1.065065065065065042e+01
1.065465465465465478e+01
1.065865865865865914e+01
1.066266266266266172e+01
1.066666666666666607e+01
1.067067067067067043e+01
1.067467467467467479e+01
1.067867867867867915e+01
1.068268268268268173e+01
1.068668668668668609e+01
1.069069069069069045e+01
1.069469469469469480e+01
1.069869869869869916e+01
1.070270270270270174e+01
1.070670670670670610e+01
1.071071071071071046e+01
1.071471471471471482e+01
1.071871871871871917e+01
1.072272272272272176e+01
1.072672672672672611e+01
1.073073073073073047e+01
1.073473473473473483e+01
1.073873873873873919e+01
1.074274274274274177e+01
1.074674674674674613e+01
1.075075075075075048e+01
1.075475475475475484e+01
1.075875875875875920e+01
1.076276276276276178e+01
1.076676676676676614e+01
1.077077077077077050e+01
1.077477477477477485e+01
1.077877877877877921e+01
1.078278278278278179e+01
1.078678678678678615e+01
1.079079079079079051e+01
1.079479479479479487e+01
1.079879879879879923e+01
1.080280280280280181e+01
1.080680680680680616e+01
1.081081081081081052e+01
1.081481481481481488e+01
1.081881881881881924e+01
1.082282282282282182e+01
1.082682682682682618e+01
1.083083083083083054e+01
1.083483483483483489e+01
1.083883883883883925e+01
1.084284284284284183e+01
1.084684684684684619e+01
1.085085085085085055e+01
1.085485485485485491e+01
1.085885885885885926e+01
1.086286286286286185e+01
1.086686686686686620e+01
1.087087087087087056e+01
1.087487487487487492e+01
1.087887887887887928e+01
1.088288288288288186e+01
1.088688688688688622e+01
1.089089089089089057e+01
1.089489489489489493e+01
1.089889889889889929e+01
1.090290290290290187e+01
1.090690690690690623e+01
1.091091091091091059e+01
1.091491491491491495e+01
1.091891891891891930e+01
1.092292292292292188e+01
1.092692692692692624e+01
1.093093093093093060e+01
1.093493493493493496e+01
1.093893893893893932e+01
1.094294294294294190e+01
1.094694694694694803e+01
1.095095095095095061e+01
1.095495495495495497e+01
1.095895895895895933e+01
1.096296296296296191e+01
1.096696696696696804e+01
1.097097097097097063e+01
1.097497497497497498e+01
1.097897897897897934e+01
1.098298298298298192e+01
1.098698698698698806e+01
1.099099099099099064e+01
1.099499499499499500e+01
1.099899899899899935e+01
1.100300300300300194e+01
1.100700700700700807e+01
1.101101101101101065e+01
1.101501501501501501e+01
1.101901901901901937e+01
1.102302302302302195e+01
1.102702702702702808e+01
1.103103103103103066e+01
1.103503503503503502e+01
1.103903903903903938e+01
1.104304304304304196e+01
1.104704704704704810e+01
1.105105105105105068e+01
1.105505505505505504e+01
1.105905905905905939e+01
1.106306306306306197e+01
1.106706706706706811e+01
1.107107107107107069e+01
1.107507507507507505e+01
1.107907907907907941e+01
1.108308308308308199e+01
1.108708708708708812e+01
1.109109109109109070e+01
1.109509509509509506e+01
1.109909909909909942e+01
1.110310310310310200e+01
1.110710710710710813e+01
1.111111111111111072e+01
1.111511511511511507e+01
1.111911911911911943e+01
1.112312312312312201e+01
1.112712712712712815e+01
1.113113113113113073e+01
1.113513513513513509e+01
1.113913913913913944e+01
1.114314314314314203e+01
1.114714714714714816e+01
1.115115115115115074e+01
1.115515515515515510e+01
1.115915915915915946e+01
1.116316316316316204e+01
1.116716716716716817e+01
1.117117117117117076e+01
1.117517517517517511e+01
1.117917917917917947e+01
1.118318318318318205e+01
1.118718718718718819e+01
1.119119119119119077e+01
1.119519519519519513e+01
1.119919919919919948e+01
1.120320320320320207e+01
1.120720720720720820e+01
1.121121121121121078e+01
1.121521521521521514e+01
1.121921921921921950e+01
1.122322322322322385e+01
1.122722722722722821e+01
1.123123123123123079e+01
1.123523523523523515e+01
1.123923923923923951e+01
1.124324324324324387e+01
1.124724724724724823e+01
1.125125125125125081e+01
1.125525525525525516e+01
1.125925925925925952e+01
1.126326326326326388e+01
1.126726726726726824e+01
1.127127127127127082e+01
1.127527527527527518e+01
1.127927927927927954e+01
1.128328328328328389e+01
1.128728728728728825e+01
1.129129129129129083e+01
1.129529529529529519e+01
1.129929929929929955e+01
1.130330330330330391e+01
1.130730730730730826e+01
1.131131131131131085e+01
1.131531531531531520e+01
1.131931931931931956e+01
1.132332332332332392e+01
1.132732732732732828e+01
1.133133133133133086e+01
1.133533533533533522e+01
1.133933933933933957e+01
1.134334334334334393e+01
1.134734734734734829e+01
1.135135135135135087e+01
1.135535535535535523e+01
1.135935935935935959e+01
1.136336336336336394e+01
1.136736736736736830e+01
1.137137137137137088e+01
1.137537537537537524e+01
1.137937937937937960e+01
1.138338338338338396e+01
1.138738738738738832e+01
1.139139139139139090e+01
1.139539539539539525e+01
1.139939939939939961e+01
1.140340340340340397e+01
1.140740740740740833e+01
1.141141141141141091e+01
1.141541541541541527e+01
1.141941941941941963e+01
1.142342342342342398e+01
1.142742742742742834e+01
1.143143143143143092e+01
1.143543543543543528e+01
1.143943943943943964e+01
1.144344344344344400e+01
1.144744744744744835e+01
1.145145145145145094e+01
1.145545545545545529e+01
1.145945945945945965e+01
1.146346346346346401e+01
1.146746746746746837e+01
1.147147147147147095e+01
1.147547547547547531e+01
1.147947947947947966e+01
1.148348348348348402e+01
1.148748748748748838e+01
1.149149149149149096e+01
1.149549549549549532e+01
1.149949949949949968e+01
1.150350350350350404e+01
1.150750750750750839e+01
1.151151151151151097e+01
1.151551551551551533e+01
1.151951951951951969e+01
1.152352352352352405e+01
1.152752752752752841e+01
1.153153153153153099e+01
1.153553553553553535e+01
1.153953953953953970e+01
1.154354354354354406e+01
1.154754754754754842e+01
1.155155155155155100e+01
1.155555555555555536e+01
1.155955955955955972e+01
1.156356356356356407e+01
1.156756756756756843e+01
1.157157157157157101e+01
1.157557557557557537e+01
1.157957957957957973e+01
1.158358358358358409e+01
1.158758758758758844e+01
1.159159159159159103e+01
1.159559559559559538e+01
1.159959959959959974e+01
1.160360360360360410e+01
1.160760760760760846e+01
1.161161161161161104e+01
1.161561561561561540e+01
1.161961961961961975e+01
1.162362362362362411e+01
1.162762762762762847e+01
1.163163163163163105e+01
1.163563563563563541e+01
1.163963963963963977e+01
1.164364364364364413e+01
1.164764764764764848e+01
1.165165165165165106e+01
1.165565565565565542e+01
1.165965965965965978e+01
1.166366366366366414e+01
1.166766766766766850e+01
1.167167167167167108e+01
1.167567567567567544e+01
1.167967967967967979e+01
1.168368368368368415e+01
1.168768768768768851e+01
1.169169169169169109e+01
1.169569569569569545e+01
1.169969969969969981e+01
1.170370370370370416e+01
1.170770770770770852e+01
1.171171171171171110e+01
1.171571571571571546e+01
1.171971971971971982e+01
1.172372372372372418e+01
1.172772772772772854e+01
1.173173173173173112e+01
1.173573573573573547e+01
1.173973973973973983e+01
1.174374374374374419e+01
1.174774774774774855e+01
1.175175175175175113e+01
1.175575575575575549e+01
1.175975975975975985e+01
1.176376376376376420e+01
1.176776776776776856e+01
1.177177177177177114e+01
1.177577577577577550e+01
1.177977977977977986e+01
1.178378378378378422e+01
1.178778778778778857e+01
1.179179179179179116e+01
1.179579579579579551e+01
1.179979979979979987e+01
1.180380380380380423e+01
1.180780780780780859e+01
1.181181181181181117e+01
1.181581581581581553e+01
1.181981981981981988e+01
1.182382382382382424e+01
1.182782782782782860e+01
1.183183183183183118e+01
1.183583583583583554e+01
1.183983983983983990e+01
1.184384384384384425e+01
1.184784784784784861e+01
1.185185185185185119e+01
1.185585585585585555e+01
1.185985985985985991e+01
1.186386386386386427e+01
1.186786786786786863e+01
1.187187187187187121e+01
1.187587587587587556e+01
1.187987987987987992e+01
1.188388388388388428e+01
1.188788788788788864e+01
1.189189189189189122e+01
1.189589589589589558e+01
1.189989989989989994e+01
1.190390390390390429e+01
1.190790790790790865e+01
1.191191191191191123e+01
1.191591591591591559e+01
1.191991991991991995e+01
1.192392392392392431e+01
1.192792792792792866e+01
1.193193193193193125e+01
1.193593593593593560e+01
1.193993993993993996e+01
1.194394394394394432e+01
1.194794794794794868e+01
1.195195195195195126e+01
1.195595595595595562e+01
1.195995995995995997e+01
1.196396396396396433e+01
1.196796796796796869e+01
1.197197197197197127e+01
1.197597597597597563e+01
1.197997997997997999e+01
1.198398398398398434e+01
1.198798798798798870e+01
1.199199199199199128e+01
1.199599599599599564e+01
1.200000000000000000e+01
