3.000000000000000000e+00
3.032032032032032198e+00
3.064064064064063952e+00
3.096096096096096151e+00
3.128128128128127905e+00
3.160160160160160103e+00
3.192192192192192302e+00
3.224224224224224056e+00
3.256256256256256254e+00
3.288288288288288452e+00
3.320320320320320207e+00
3.352352352352352405e+00
3.384384384384384603e+00
3.416416416416416357e+00
3.448448448448448556e+00
3.480480480480480310e+00
3.512512512512512508e+00
3.544544544544544706e+00
3.576576576576576461e+00
3.608608608608608659e+00
3.640640640640640413e+00
3.672672672672672611e+00
3.704704704704704810e+00
3.736736736736737008e+00
3.768768768768768762e+00
3.800800800800800516e+00
3.832832832832832715e+00
3.864864864864864913e+00
3.896896896896897111e+00
3.928928928928928865e+00
3.960960960960961064e+00
3.992992992992992818e+00
4.025025025025025016e+00
4.057057057057057214e+00
4.089089089089089413e+00
4.121121121121120723e+00
4.153153153153152921e+00
4.185185185185185119e+00
4.217217217217217318e+00
4.249249249249249516e+00
4.281281281281280826e+00
4.313313313313313024e+00
4.345345345345345223e+00
4.377377377377377421e+00
4.409409409409409619e+00
4.441441441441440929e+00
4.473473473473474016e+00
4.505505505505505326e+00
4.537537537537537524e+00
4.569569569569569722e+00
4.601601601601601033e+00
4.633633633633634119e+00
4.665665665665665429e+00
4.697697697697697627e+00
4.729729729729729826e+00
4.761761761761762024e+00
4.793793793793794222e+00
4.825825825825825532e+00
4.857857857857857731e+00
4.889889889889889929e+00
4.921921921921922127e+00
4.953953953953954326e+00
4.985985985985985636e+00
5.018018018018017834e+00
5.050050050050050032e+00
5.082082082082082231e+00
5.114114114114114429e+00
5.146146146146145739e+00
5.178178178178177937e+00
5.210210210210210136e+00
5.242242242242242334e+00
5.274274274274274532e+00
5.306306306306305842e+00
5.338338338338338929e+00
5.370370370370370239e+00
5.402402402402402437e+00
5.434434434434434635e+00
5.466466466466465945e+00
5.498498498498499032e+00
5.530530530530530342e+00
5.562562562562562540e+00
5.594594594594594739e+00
5.626626626626626049e+00
5.658658658658659135e+00
5.690690690690690445e+00
5.722722722722722644e+00
5.754754754754754842e+00
5.786786786786786152e+00
5.818818818818819238e+00
5.850850850850850549e+00
5.882882882882882747e+00
5.914914914914914945e+00
5.946946946946947143e+00
5.978978978978979342e+00
6.011011011011010652e+00
6.043043043043042850e+00
6.075075075075075048e+00
6.107107107107107247e+00
6.139139139139139445e+00
6.171171171171170755e+00
6.203203203203202953e+00
6.235235235235235152e+00
6.267267267267267350e+00
6.299299299299299548e+00
6.331331331331330858e+00
6.363363363363363945e+00
6.395395395395395255e+00
6.427427427427427453e+00
6.459459459459459651e+00
6.491491491491490962e+00
6.523523523523524048e+00
6.555555555555555358e+00
6.587587587587587556e+00
6.619619619619619755e+00
6.651651651651651065e+00
6.683683683683684151e+00
6.715715715715715461e+00
6.747747747747747660e+00
6.779779779779779858e+00
6.811811811811811168e+00
6.843843843843844255e+00
6.875875875875875565e+00
6.907907907907907763e+00
6.939939939939939961e+00
6.971971971971972160e+00
7.004004004004004358e+00
7.036036036036035668e+00
7.068068068068067866e+00
7.100100100100100065e+00
7.132132132132132263e+00
7.164164164164164461e+00
7.196196196196195771e+00
7.228228228228227970e+00
7.260260260260260168e+00
7.292292292292292366e+00
7.324324324324324564e+00
7.356356356356355874e+00
7.388388388388388073e+00
7.420420420420420271e+00
7.452452452452452469e+00
7.484484484484484668e+00
7.516516516516516866e+00
7.548548548548548176e+00
7.580580580580580374e+00
7.612612612612612573e+00
7.644644644644644771e+00
7.676676676676676969e+00
7.708708708708708279e+00
7.740740740740740478e+00
7.772772772772772676e+00
7.804804804804804874e+00
7.836836836836837072e+00
7.868868868868869271e+00
7.900900900900900581e+00
7.932932932932932779e+00
7.964964964964964977e+00
7.996996996996997176e+00
8.029029029029029374e+00
8.061061061061060684e+00
8.093093093093091994e+00
8.125125125125125081e+00
8.157157157157158167e+00
8.189189189189189477e+00
8.221221221221220787e+00
8.253253253253252097e+00
8.285285285285285184e+00
8.317317317317318270e+00
8.349349349349349581e+00
8.381381381381380891e+00
8.413413413413412201e+00
8.445445445445445287e+00
8.477477477477478374e+00
8.509509509509509684e+00
8.541541541541540994e+00
8.573573573573572304e+00
8.605605605605605390e+00
8.637637637637638477e+00
8.669669669669669787e+00
8.701701701701701097e+00
8.733733733733732407e+00
8.765765765765765494e+00
8.797797797797798580e+00
8.829829829829829890e+00
8.861861861861861200e+00
8.893893893893894287e+00
8.925925925925925597e+00
8.957957957957958683e+00
8.989989989989989994e+00
9.022022022022021304e+00
9.054054054054054390e+00
9.086086086086085700e+00
9.118118118118118787e+00
9.150150150150150097e+00
9.182182182182181407e+00
9.214214214214214493e+00
9.246246246246245803e+00
9.278278278278278890e+00
9.310310310310310200e+00
9.342342342342341510e+00
9.374374374374374597e+00
9.406406406406405907e+00
9.438438438438438993e+00
9.470470470470470303e+00
9.502502502502501613e+00
9.534534534534534700e+00
9.566566566566567786e+00
9.598598598598599096e+00
9.630630630630630407e+00
9.662662662662661717e+00
9.694694694694694803e+00
9.726726726726727890e+00
9.758758758758759200e+00
9.790790790790790510e+00
9.822822822822821820e+00
9.854854854854854906e+00
9.886886886886887993e+00
9.918918918918919303e+00
9.950950950950950613e+00
9.982982982982981923e+00
1.001501501501501501e+01
1.004704704704704810e+01
1.007907907907907941e+01
1.011111111111111072e+01
1.014314314314314203e+01
1.017517517517517511e+01
1.020720720720720820e+01
1.023923923923923951e+01
1.027127127127127082e+01
1.030330330330330213e+01
1.033533533533533522e+01
1.036736736736736830e+01
1.039939939939939961e+01
1.043143143143143092e+01
1.046346346346346223e+01
1.049549549549549532e+01
1.052752752752752841e+01
1.055955955955955972e+01
1.059159159159159103e+01
1.062362362362362234e+01
1.065565565565565542e+01
1.068768768768768851e+01
1.071971971971971982e+01
1.075175175175175113e+01
1.078378378378378244e+01
1.081581581581581553e+01
1.084784784784784861e+01
1.087987987987987992e+01
1.091191191191191123e+01
1.094394394394394432e+01
1.097597597597597563e+01
1.100800800800800872e+01
1.104004004004004003e+01
1.107207207207207134e+01
1.110410410410410442e+01
1.113613613613613573e+01
1.116816816816816882e+01
1.120020020020020013e+01
1.123223223223223144e+01
1.126426426426426453e+01
1.129629629629629584e+01
1.132832832832832892e+01
1.136036036036036023e+01
1.139239239239239154e+01
1.142442442442442463e+01
1.145645645645645594e+01
1.148848848848848903e+01
1.152052052052052034e+01
1.155255255255255165e+01
1.158458458458458473e+01
1.161661661661661604e+01
1.164864864864864913e+01
1.168068068068068044e+01
1.171271271271271175e+01
1.174474474474474484e+01
1.177677677677677615e+01
1.180880880880880923e+01
1.184084084084084054e+01
1.187287287287287363e+01
1.190490490490490494e+01
1.193693693693693625e+01
1.196896896896896934e+01
1.200100100100100065e+01
1.203303303303303373e+01
1.206506506506506504e+01
1.209709709709709635e+01
1.212912912912912944e+01
1.216116116116116075e+01
1.219319319319319384e+01
1.222522522522522515e+01
1.225725725725725646e+01
1.228928928928928954e+01
1.232132132132132085e+01
1.235335335335335394e+01
1.238538538538538525e+01
1.241741741741741656e+01
1.244944944944944965e+01
1.248148148148148096e+01
1.251351351351351404e+01
1.254554554554554535e+01
1.257757757757757666e+01
1.260960960960960975e+01
1.264164164164164106e+01
1.267367367367367414e+01
1.270570570570570545e+01
1.273773773773773854e+01
1.276976976976976985e+01
1.280180180180180116e+01
1.283383383383383425e+01
1.286586586586586556e+01
1.289789789789789864e+01
1.292992992992992995e+01
1.296196196196196126e+01
1.299399399399399435e+01
1.302602602602602566e+01
1.305805805805805875e+01
1.309009009009009006e+01
1.312212212212212137e+01
1.315415415415415445e+01
1.318618618618618576e+01
1.321821821821821885e+01
1.325025025025025016e+01
1.328228228228228147e+01
1.331431431431431456e+01
1.334634634634634587e+01
1.337837837837837895e+01
1.341041041041041026e+01
1.344244244244244157e+01
1.347447447447447466e+01
1.350650650650650597e+01
1.353853853853853906e+01
1.357057057057057037e+01
1.360260260260260168e+01
1.363463463463463476e+01
1.366666666666666607e+01
1.369869869869869916e+01
1.373073073073073047e+01
1.376276276276276178e+01
1.379479479479479487e+01
1.382682682682682618e+01
1.385885885885885926e+01
1.389089089089089057e+01
1.392292292292292366e+01
1.395495495495495497e+01
1.398698698698698628e+01
1.401901901901901937e+01
1.405105105105105068e+01
1.408308308308308376e+01
1.411511511511511507e+01
1.414714714714714638e+01
1.417917917917917947e+01
1.421121121121121078e+01
1.424324324324324387e+01
1.427527527527527518e+01
1.430730730730730649e+01
1.433933933933933957e+01
1.437137137137137088e+01
1.440340340340340397e+01
1.443543543543543528e+01
1.446746746746746659e+01
1.449949949949949968e+01
1.453153153153153099e+01
1.456356356356356407e+01
1.459559559559559538e+01
1.462762762762762669e+01
1.465965965965965978e+01
1.469169169169169109e+01
1.472372372372372418e+01
1.475575575575575549e+01
1.478778778778778857e+01
1.481981981981981988e+01
1.485185185185185119e+01
1.488388388388388428e+01
1.491591591591591559e+01
1.494794794794794868e+01
1.497997997997997999e+01
1.501201201201201130e+01
1.504404404404404438e+01
1.507607607607607569e+01
1.510810810810810878e+01
1.514014014014014009e+01
1.517217217217217140e+01
1.520420420420420449e+01
1.523623623623623580e+01
1.526826826826826888e+01
1.530030030030030019e+01
1.533233233233233150e+01
1.536436436436436459e+01
1.539639639639639590e+01
1.542842842842842899e+01
1.546046046046046030e+01
1.549249249249249161e+01
1.552452452452452469e+01
1.555655655655655600e+01
1.558858858858858909e+01
1.562062062062062040e+01
1.565265265265265171e+01
1.568468468468468480e+01
1.571671671671671611e+01
1.574874874874874919e+01
1.578078078078078050e+01
1.581281281281281181e+01
1.584484484484484490e+01
1.587687687687687621e+01
1.590890890890890930e+01
1.594094094094094061e+01
1.597297297297297369e+01
1.600500500500500323e+01
1.603703703703703809e+01
1.606906906906906940e+01
1.610110110110110071e+01
1.613313313313313557e+01
1.616516516516516333e+01
1.619719719719719819e+01
1.622922922922922950e+01
1.626126126126126081e+01
1.629329329329329568e+01
1.632532532532532343e+01
1.635735735735735830e+01
1.638938938938938961e+01
1.642142142142142092e+01
1.645345345345345578e+01
1.648548548548548354e+01
1.651751751751751840e+01
1.654954954954954971e+01
1.658158158158158102e+01
1.661361361361361588e+01
1.664564564564564364e+01
1.667767767767767850e+01
1.670970970970970981e+01
1.674174174174174112e+01
1.677377377377377599e+01
1.680580580580580374e+01
1.683783783783783861e+01
1.686986986986986992e+01
1.690190190190190123e+01
1.693393393393393609e+01
1.696596596596596385e+01
1.699799799799799871e+01
1.703003003003003002e+01
1.706206206206206133e+01
1.709409409409409619e+01
1.712612612612612395e+01
1.715815815815815881e+01
1.719019019019019012e+01
1.722222222222222143e+01
1.725425425425425630e+01
1.728628628628628405e+01
1.731831831831831892e+01
1.735035035035035023e+01
1.738238238238238154e+01
1.741441441441441640e+01
1.744644644644644416e+01
1.747847847847847902e+01
1.751051051051051033e+01
1.754254254254254164e+01
1.757457457457457650e+01
1.760660660660660426e+01
1.763863863863863912e+01
1.767067067067067043e+01
1.770270270270270174e+01
1.773473473473473661e+01
1.776676676676676436e+01
1.779879879879879923e+01
1.783083083083083054e+01
1.786286286286286185e+01
1.789489489489489671e+01
1.792692692692692447e+01
1.795895895895895933e+01
1.799099099099099064e+01
1.802302302302302195e+01
1.805505505505505681e+01
1.808708708708708457e+01
1.811911911911911943e+01
1.815115115115115074e+01
1.818318318318318205e+01
1.821521521521521692e+01
1.824724724724724467e+01
1.827927927927927954e+01
1.831131131131131085e+01
1.834334334334334216e+01
1.837537537537537702e+01
1.840740740740740478e+01
1.843943943943943964e+01
1.847147147147147095e+01
1.850350350350350226e+01
1.853553553553553712e+01
1.856756756756756488e+01
1.859959959959959974e+01
1.863163163163163105e+01
1.866366366366366236e+01
1.869569569569569722e+01
1.872772772772772498e+01
1.875975975975975985e+01
1.879179179179179116e+01
1.882382382382382247e+01
1.885585585585585733e+01
1.888788788788788864e+01
1.891991991991991995e+01
1.895195195195195126e+01
1.898398398398398257e+01
1.901601601601601743e+01
1.904804804804804874e+01
1.908008008008008005e+01
1.911211211211211136e+01
1.914414414414414267e+01
1.917617617617617753e+01
1.920820820820820884e+01
1.924024024024024015e+01
1.927227227227227146e+01
1.930430430430430278e+01
1.933633633633633764e+01
1.936836836836836895e+01
1.940040040040040026e+01
1.943243243243243157e+01
1.946446446446446288e+01
1.949649649649649774e+01
1.952852852852852905e+01
1.956056056056056036e+01
1.959259259259259167e+01
1.962462462462462298e+01
1.965665665665665784e+01
1.968868868868868915e+01
1.972072072072072046e+01
1.975275275275275177e+01
1.978478478478478308e+01
1.981681681681681795e+01
1.984884884884884926e+01
1.988088088088088057e+01
1.991291291291291188e+01
1.994494494494494319e+01
1.997697697697697805e+01
2.000900900900900936e+01
2.004104104104104067e+01
2.007307307307307198e+01
2.010510510510510329e+01
2.013713713713713815e+01
2.016916916916916946e+01
2.020120120120120077e+01
2.023323323323323208e+01
2.026526526526526339e+01
2.029729729729729826e+01
2.032932932932932957e+01
2.036136136136136088e+01
2.039339339339339219e+01
2.042542542542542350e+01
2.045745745745745836e+01
2.048948948948948967e+01
2.052152152152152098e+01
2.055355355355355229e+01
2.058558558558558715e+01
2.061761761761761846e+01
2.064964964964964977e+01
2.068168168168168108e+01
2.071371371371371239e+01
2.074574574574574726e+01
2.077777777777777857e+01
2.080980980980980988e+01
2.084184184184184119e+01
2.087387387387387250e+01
2.090590590590590736e+01
2.093793793793793867e+01
2.096996996996996998e+01
2.100200200200200129e+01
2.103403403403403260e+01
2.106606606606606746e+01
2.109809809809809877e+01
2.113013013013013008e+01
2.116216216216216139e+01
2.119419419419419270e+01
2.122622622622622757e+01
2.125825825825825888e+01
2.129029029029029019e+01
2.132232232232232150e+01
2.135435435435435281e+01
2.138638638638638767e+01
2.141841841841841898e+01
2.145045045045045029e+01
2.148248248248248160e+01
2.151451451451451291e+01
2.154654654654654777e+01
2.157857857857857908e+01
2.161061061061061039e+01
2.164264264264264170e+01
2.167467467467467301e+01
2.170670670670670788e+01
2.173873873873873919e+01
2.177077077077077050e+01
2.180280280280280181e+01
2.183483483483483312e+01
2.186686686686686798e+01
2.189889889889889929e+01
2.193093093093093060e+01
2.196296296296296191e+01
2.199499499499499322e+01
2.202702702702702808e+01
2.205905905905905939e+01
2.209109109109109070e+01
2.212312312312312201e+01
2.215515515515515332e+01
2.218718718718718819e+01
2.221921921921921950e+01
2.225125125125125081e+01
2.228328328328328212e+01
2.231531531531531343e+01
2.234734734734734829e+01
2.237937937937937960e+01
2.241141141141141091e+01
2.244344344344344222e+01
2.247547547547547708e+01
2.250750750750750839e+01
2.253953953953953970e+01
2.257157157157157101e+01
2.260360360360360232e+01
2.263563563563563719e+01
2.266766766766766850e+01
2.269969969969969981e+01
2.273173173173173112e+01
2.276376376376376243e+01
2.279579579579579729e+01
2.282782782782782860e+01
2.285985985985985991e+01
2.289189189189189122e+01
2.292392392392392253e+01
2.295595595595595739e+01
2.298798798798798870e+01
2.302002002002002001e+01
2.305205205205205132e+01
2.308408408408408263e+01
2.311611611611611750e+01
2.314814814814814881e+01
2.318018018018018012e+01
2.321221221221221143e+01
2.324424424424424274e+01
2.327627627627627760e+01
2.330830830830830891e+01
2.334034034034034022e+01
2.337237237237237153e+01
2.340440440440440284e+01
2.343643643643643770e+01
2.346846846846846901e+01
2.350050050050050032e+01
2.353253253253253163e+01
2.356456456456456294e+01
2.359659659659659781e+01
2.362862862862862912e+01
2.366066066066066043e+01
2.369269269269269174e+01
2.372472472472472305e+01
2.375675675675675791e+01
2.378878878878878922e+01
2.382082082082082053e+01
2.385285285285285184e+01
2.388488488488488315e+01
2.391691691691691801e+01
2.394894894894894932e+01
2.398098098098098063e+01
2.401301301301301194e+01
2.404504504504504325e+01
2.407707707707707812e+01
2.410910910910910943e+01
2.414114114114114074e+01
2.417317317317317205e+01
2.420520520520520336e+01
2.423723723723723822e+01
2.426926926926926953e+01
2.430130130130130084e+01
2.433333333333333215e+01
2.436536536536536346e+01
2.439739739739739832e+01
2.442942942942942963e+01
2.446146146146146094e+01
2.449349349349349225e+01
2.452552552552552356e+01
2.455755755755755843e+01
2.458958958958958974e+01
2.462162162162162105e+01
2.465365365365365236e+01
2.468568568568568722e+01
2.471771771771771853e+01
2.474974974974974984e+01
2.478178178178178115e+01
2.481381381381381246e+01
2.484584584584584732e+01
2.487787787787787863e+01
2.490990990990990994e+01
2.494194194194194125e+01
2.497397397397397256e+01
2.500600600600600742e+01
2.503803803803803874e+01
2.507007007007007005e+01
2.510210210210210136e+01
2.513413413413413267e+01
2.516616616616616753e+01
2.519819819819819884e+01
2.523023023023023015e+01
2.526226226226226146e+01
2.529429429429429277e+01
2.532632632632632763e+01
2.535835835835835894e+01
2.539039039039039025e+01
2.542242242242242156e+01
2.545445445445445287e+01
2.548648648648648773e+01
2.551851851851851904e+01
2.555055055055055035e+01
2.558258258258258167e+01
2.561461461461461298e+01
2.564664664664664784e+01
2.567867867867867915e+01
2.571071071071071046e+01
2.574274274274274177e+01
2.577477477477477308e+01
2.580680680680680794e+01
2.583883883883883925e+01
2.587087087087087056e+01
2.590290290290290187e+01
2.593493493493493318e+01
2.596696696696696804e+01
2.599899899899899935e+01
2.603103103103103066e+01
2.606306306306306197e+01
2.609509509509509328e+01
2.612712712712712815e+01
2.615915915915915946e+01
2.619119119119119077e+01
2.622322322322322208e+01
2.625525525525525339e+01
2.628728728728728825e+01
2.631931931931931956e+01
2.635135135135135087e+01
2.638338338338338218e+01
2.641541541541541349e+01
2.644744744744744835e+01
2.647947947947947966e+01
2.651151151151151097e+01
2.654354354354354228e+01
2.657557557557557715e+01
2.660760760760760846e+01
2.663963963963963977e+01
2.667167167167167108e+01
2.670370370370370239e+01
2.673573573573573725e+01
2.676776776776776856e+01
2.679979979979979987e+01
2.683183183183183118e+01
2.686386386386386249e+01
2.689589589589589735e+01
2.692792792792792866e+01
2.695995995995995997e+01
2.699199199199199128e+01
2.702402402402402259e+01
2.705605605605605746e+01
2.708808808808808877e+01
2.712012012012012008e+01
2.715215215215215139e+01
2.718418418418418270e+01
2.721621621621621756e+01
2.724824824824824887e+01
2.728028028028028018e+01
2.731231231231231149e+01
2.734434434434434280e+01
2.737637637637637766e+01
2.740840840840840897e+01
2.744044044044044028e+01
2.747247247247247159e+01
2.750450450450450290e+01
2.753653653653653777e+01
2.756856856856856908e+01
2.760060060060060039e+01
2.763263263263263170e+01
2.766466466466466301e+01
2.769669669669669787e+01
2.772872872872872918e+01
2.776076076076076049e+01
2.779279279279279180e+01
2.782482482482482311e+01
2.785685685685685797e+01
2.788888888888888928e+01
2.792092092092092059e+01
2.795295295295295190e+01
2.798498498498498321e+01
2.801701701701701808e+01
2.804904904904904939e+01
2.808108108108108070e+01
2.811311311311311201e+01
2.814514514514514332e+01
2.817717717717717818e+01
2.820920920920920949e+01
2.824124124124124080e+01
2.827327327327327211e+01
2.830530530530530342e+01
2.833733733733733828e+01
2.836936936936936959e+01
2.840140140140140090e+01
2.843343343343343221e+01
2.846546546546546352e+01
2.849749749749749839e+01
2.852952952952952970e+01
2.856156156156156101e+01
2.859359359359359232e+01
2.862562562562562363e+01
2.865765765765765849e+01
2.868968968968968980e+01
2.872172172172172111e+01
2.875375375375375242e+01
2.878578578578578728e+01
2.881781781781781859e+01
2.884984984984984990e+01
2.888188188188188121e+01
2.891391391391391252e+01
2.894594594594594739e+01
2.897797797797797870e+01
2.901001001001001001e+01
2.904204204204204132e+01
2.907407407407407263e+01
2.910610610610610749e+01
2.913813813813813880e+01
2.917017017017017011e+01
2.920220220220220142e+01
2.923423423423423273e+01
2.926626626626626759e+01
2.929829829829829890e+01
2.933033033033033021e+01
2.936236236236236152e+01
2.939439439439439283e+01
2.942642642642642770e+01
2.945845845845845901e+01
2.949049049049049032e+01
2.952252252252252163e+01
2.955455455455455294e+01
2.958658658658658780e+01
2.961861861861861911e+01
2.965065065065065042e+01
2.968268268268268173e+01
2.971471471471471304e+01
2.974674674674674790e+01
2.977877877877877921e+01
2.981081081081081052e+01
2.984284284284284183e+01
2.987487487487487314e+01
2.990690690690690801e+01
2.993893893893893932e+01
2.997097097097097063e+01
3.000300300300300194e+01
3.003503503503503325e+01
3.006706706706706811e+01
3.009909909909909942e+01
3.013113113113113073e+01
3.016316316316316204e+01
3.019519519519519335e+01
3.022722722722722821e+01
3.025925925925925952e+01
3.029129129129129083e+01
3.032332332332332214e+01
3.035535535535535345e+01
3.038738738738738832e+01
3.041941941941941963e+01
3.045145145145145094e+01
3.048348348348348225e+01
3.051551551551551356e+01
3.054754754754754842e+01
3.057957957957957973e+01
3.061161161161161104e+01
3.064364364364364235e+01
3.067567567567567721e+01
3.070770770770770852e+01
3.073973973973973983e+01
3.077177177177177114e+01
3.080380380380380245e+01
3.083583583583583732e+01
3.086786786786786863e+01
3.089989989989989994e+01
3.093193193193193125e+01
3.096396396396396256e+01
3.099599599599599742e+01
3.102802802802802873e+01
3.106006006006006004e+01
3.109209209209209135e+01
3.112412412412412266e+01
3.115615615615615752e+01
3.118818818818818883e+01
3.122022022022022014e+01
3.125225225225225145e+01
3.128428428428428276e+01
3.131631631631631763e+01
3.134834834834834894e+01
3.138038038038038025e+01
3.141241241241241156e+01
3.144444444444444287e+01
3.147647647647647773e+01
3.150850850850850904e+01
3.154054054054054035e+01
3.157257257257257166e+01
3.160460460460460297e+01
3.163663663663663783e+01
3.166866866866866914e+01
3.170070070070070045e+01
3.173273273273273176e+01
3.176476476476476307e+01
3.179679679679679793e+01
3.182882882882882924e+01
3.186086086086086056e+01
3.189289289289289187e+01
3.192492492492492318e+01
3.195695695695695804e+01
3.198898898898898935e+01
3.202102102102102066e+01
3.205305305305304842e+01
3.208508508508508328e+01
3.211711711711711814e+01
3.214914914914915300e+01
3.218118118118118076e+01
3.221321321321320852e+01
3.224524524524524338e+01
3.227727727727727824e+01
3.230930930930931311e+01
3.234134134134134086e+01
3.237337337337336862e+01
3.240540540540540349e+01
3.243743743743743835e+01
3.246946946946947321e+01
3.250150150150150097e+01
3.253353353353352873e+01
3.256556556556556359e+01
3.259759759759759845e+01
3.262962962962963331e+01
3.266166166166166107e+01
3.269369369369368883e+01
3.272572572572572369e+01
3.275775775775775855e+01
3.278978978978979342e+01
3.282182182182182117e+01
3.285385385385384893e+01
3.288588588588588379e+01
3.291791791791791866e+01
3.294994994994995352e+01
3.298198198198198128e+01
3.301401401401400904e+01
3.304604604604604390e+01
3.307807807807807876e+01
3.311011011011011362e+01
3.314214214214214138e+01
3.317417417417416914e+01
3.320620620620620400e+01
3.323823823823823886e+01
3.327027027027027373e+01
3.330230230230230148e+01
3.333433433433432924e+01
3.336636636636636410e+01
3.339839839839839897e+01
3.343043043043043383e+01
3.346246246246246159e+01
3.349449449449448935e+01
3.352652652652652421e+01
3.355855855855855907e+01
3.359059059059059393e+01
3.362262262262262169e+01
3.365465465465464945e+01
3.368668668668668431e+01
3.371871871871871917e+01
3.375075075075075404e+01
3.378278278278278179e+01
3.381481481481480955e+01
3.384684684684684441e+01
3.387887887887887928e+01
3.391091091091091414e+01
3.394294294294294190e+01
3.397497497497496965e+01
3.400700700700700452e+01
3.403903903903903938e+01
3.407107107107107424e+01
3.410310310310310200e+01
3.413513513513512976e+01
3.416716716716716462e+01
3.419919919919919948e+01
3.423123123123123435e+01
3.426326326326326210e+01
3.429529529529528986e+01
3.432732732732732472e+01
3.435935935935935959e+01
3.439139139139139445e+01
3.442342342342342221e+01
3.445545545545544996e+01
3.448748748748748483e+01
3.451951951951951969e+01
3.455155155155155455e+01
3.458358358358358231e+01
3.461561561561561007e+01
3.464764764764764493e+01
3.467967967967967979e+01
3.471171171171171466e+01
3.474374374374374241e+01
3.477577577577577728e+01
3.480780780780780503e+01
3.483983983983983990e+01
3.487187187187187476e+01
3.490390390390390252e+01
3.493593593593593738e+01
3.496796796796796514e+01
3.500000000000000000e+01
