-3.750000000000000000e+02
-3.749929929929929813e+02
-3.749859859859859625e+02
-3.749789789789790007e+02
-3.749719719719719819e+02
-3.749649649649649632e+02
-3.749579579579579445e+02
-3.749509509509509257e+02
-3.749439439439439639e+02
-3.749369369369369451e+02
-3.749299299299299264e+02
-3.749229229229229077e+02
-3.749159159159158889e+02
-3.749089089089089271e+02
-3.749019019019019083e+02
-3.748948948948948896e+02
-3.748878878878878709e+02
-3.748808808808809090e+02
-3.748738738738738903e+02
-3.748668668668668715e+02
-3.748598598598598528e+02
-3.748528528528528341e+02
-3.748458458458458722e+02
-3.748388388388388535e+02
-3.748318318318318347e+02
-3.748248248248248160e+02
-3.748178178178177973e+02
-3.748108108108108354e+02
-3.748038038038038167e+02
-3.747967967967967979e+02
-3.747897897897897792e+02
-3.747827827827827605e+02
-3.747757757757757986e+02
-3.747687687687687799e+02
-3.747617617617617611e+02
-3.747547547547547424e+02
-3.747477477477477237e+02
-3.747407407407407618e+02
-3.747337337337337431e+02
-3.747267267267267243e+02
-3.747197197197197056e+02
-3.747127127127126869e+02
-3.747057057057057250e+02
-3.746986986986987063e+02
-3.746916916916916875e+02
-3.746846846846846688e+02
-3.746776776776776501e+02
-3.746706706706706882e+02
-3.746636636636636695e+02
-3.746566566566566507e+02
-3.746496496496496320e+02
-3.746426426426426701e+02
-3.746356356356356514e+02
-3.746286286286286327e+02
-3.746216216216216139e+02
-3.746146146146145952e+02
-3.746076076076076333e+02
-3.746006006006006146e+02
-3.745935935935935959e+02
-3.745865865865865771e+02
-3.745795795795795584e+02
-3.745725725725725965e+02
-3.745655655655655778e+02
-3.745585585585585591e+02
-3.745515515515515403e+02
-3.745445445445445216e+02
-3.745375375375375597e+02
-3.745305305305305410e+02
-3.745235235235235223e+02
-3.745165165165165035e+02
-3.745095095095094848e+02
-3.745025025025025229e+02
-3.744954954954955042e+02
-3.744884884884884855e+02
-3.744814814814814667e+02
-3.744744744744744480e+02
-3.744674674674674861e+02
-3.744604604604604674e+02
-3.744534534534534487e+02
-3.744464464464464299e+02
-3.744394394394394112e+02
-3.744324324324324493e+02
-3.744254254254254306e+02
-3.744184184184184119e+02
-3.744114114114113931e+02
-3.744044044044044313e+02
-3.743973973973974125e+02
-3.743903903903903938e+02
-3.743833833833833751e+02
-3.743763763763763563e+02
-3.743693693693693945e+02
-3.743623623623623757e+02
-3.743553553553553570e+02
-3.743483483483483383e+02
-3.743413413413413195e+02
-3.743343343343343577e+02
-3.743273273273273389e+02
-3.743203203203203202e+02
-3.743133133133133015e+02
-3.743063063063062827e+02
-3.742992992992993209e+02
-3.742922922922923021e+02
-3.742852852852852834e+02
-3.742782782782782647e+02
-3.742712712712712460e+02
-3.742642642642642841e+02
-3.742572572572572653e+02
-3.742502502502502466e+02
-3.742432432432432279e+02
-3.742362362362362092e+02
-3.742292292292292473e+02
-3.742222222222222285e+02
-3.742152152152152098e+02
-3.742082082082081911e+02
-3.742012012012012292e+02
-3.741941941941942105e+02
-3.741871871871871917e+02
-3.741801801801801730e+02
-3.741731731731731543e+02
-3.741661661661661924e+02
-3.741591591591591737e+02
-3.741521521521521549e+02
-3.741451451451451362e+02
-3.741381381381381175e+02
-3.741311311311311556e+02
-3.741241241241241369e+02
-3.741171171171171181e+02
-3.741101101101100994e+02
-3.741031031031030807e+02
-3.740960960960961188e+02
-3.740890890890891001e+02
-3.740820820820820813e+02
-3.740750750750750626e+02
-3.740680680680680439e+02
-3.740610610610610820e+02
-3.740540540540540633e+02
-3.740470470470470445e+02
-3.740400400400400258e+02
-3.740330330330330071e+02
-3.740260260260260452e+02
-3.740190190190190265e+02
-3.740120120120120077e+02
-3.740050050050049890e+02
-3.739979979979979703e+02
-3.739909909909910084e+02
-3.739839839839839897e+02
-3.739769769769769709e+02
-3.739699699699699522e+02
-3.739629629629629903e+02
-3.739559559559559716e+02
-3.739489489489489529e+02
-3.739419419419419341e+02
-3.739349349349349154e+02
-3.739279279279279535e+02
-3.739209209209209348e+02
-3.739139139139139161e+02
-3.739069069069068973e+02
-3.738998998998998786e+02
-3.738928928928929167e+02
-3.738858858858858980e+02
-3.738788788788788793e+02
-3.738718718718718605e+02
-3.738648648648648418e+02
-3.738578578578578799e+02
-3.738508508508508612e+02
-3.738438438438438425e+02
-3.738368368368368237e+02
-3.738298298298298050e+02
-3.738228228228228431e+02
-3.738158158158158244e+02
-3.738088088088088057e+02
-3.738018018018017870e+02
-3.737947947947947682e+02
-3.737877877877878063e+02
-3.737807807807807876e+02
-3.737737737737737689e+02
-3.737667667667667502e+02
-3.737597597597597314e+02
-3.737527527527527695e+02
-3.737457457457457508e+02
-3.737387387387387321e+02
-3.737317317317317134e+02
-3.737247247247247515e+02
-3.737177177177177327e+02
-3.737107107107107140e+02
-3.737037037037036953e+02
-3.736966966966966766e+02
-3.736896896896897147e+02
-3.736826826826826959e+02
-3.736756756756756772e+02
-3.736686686686686585e+02
-3.736616616616616398e+02
-3.736546546546546779e+02
-3.736476476476476591e+02
-3.736406406406406404e+02
-3.736336336336336217e+02
-3.736266266266266030e+02
-3.736196196196196411e+02
-3.736126126126126223e+02
-3.736056056056056036e+02
-3.735985985985985849e+02
-3.735915915915915662e+02
-3.735845845845846043e+02
-3.735775775775775855e+02
-3.735705705705705668e+02
-3.735635635635635481e+02
-3.735565565565565294e+02
-3.735495495495495675e+02
-3.735425425425425487e+02
-3.735355355355355300e+02
-3.735285285285285113e+02
-3.735215215215215494e+02
-3.735145145145145307e+02
-3.735075075075075119e+02
-3.735005005005004932e+02
-3.734934934934934745e+02
-3.734864864864865126e+02
-3.734794794794794939e+02
-3.734724724724724751e+02
-3.734654654654654564e+02
-3.734584584584584377e+02
-3.734514514514514758e+02
-3.734444444444444571e+02
-3.734374374374374383e+02
-3.734304304304304196e+02
-3.734234234234234009e+02
-3.734164164164164390e+02
-3.734094094094094203e+02
-3.734024024024024015e+02
-3.733953953953953828e+02
-3.733883883883883641e+02
-3.733813813813814022e+02
-3.733743743743743835e+02
-3.733673673673673647e+02
-3.733603603603603460e+02
-3.733533533533533273e+02
-3.733463463463463654e+02
-3.733393393393393467e+02
-3.733323323323323280e+02
-3.733253253253253092e+02
-3.733183183183182905e+02
-3.733113113113113286e+02
-3.733043043043043099e+02
-3.732972972972972912e+02
-3.732902902902902724e+02
-3.732832832832833105e+02
-3.732762762762762918e+02
-3.732692692692692731e+02
-3.732622622622622544e+02
-3.732552552552552356e+02
-3.732482482482482737e+02
-3.732412412412412550e+02
-3.732342342342342363e+02
-3.732272272272272176e+02
-3.732202202202201988e+02
-3.732132132132132369e+02
-3.732062062062062182e+02
-3.731991991991991995e+02
-3.731921921921921808e+02
-3.731851851851851620e+02
-3.731781781781782001e+02
-3.731711711711711814e+02
-3.731641641641641627e+02
-3.731571571571571440e+02
-3.731501501501501252e+02
-3.731431431431431633e+02
-3.731361361361361446e+02
-3.731291291291291259e+02
-3.731221221221221072e+02
-3.731151151151150884e+02
-3.731081081081081265e+02
-3.731011011011011078e+02
-3.730940940940940891e+02
-3.730870870870870704e+02
-3.730800800800800516e+02
-3.730730730730730897e+02
-3.730660660660660710e+02
-3.730590590590590523e+02
-3.730520520520520336e+02
-3.730450450450450717e+02
-3.730380380380380529e+02
-3.730310310310310342e+02
-3.730240240240240155e+02
-3.730170170170169968e+02
-3.730100100100100349e+02
-3.730030030030030161e+02
-3.729959959959959974e+02
-3.729889889889889787e+02
-3.729819819819819600e+02
-3.729749749749749981e+02
-3.729679679679679793e+02
-3.729609609609609606e+02
-3.729539539539539419e+02
-3.729469469469469232e+02
-3.729399399399399613e+02
-3.729329329329329425e+02
-3.729259259259259238e+02
-3.729189189189189051e+02
-3.729119119119118864e+02
-3.729049049049049245e+02
-3.728978978978979058e+02
-3.728908908908908870e+02
-3.728838838838838683e+02
-3.728768768768768496e+02
-3.728698698698698877e+02
-3.728628628628628690e+02
-3.728558558558558502e+02
-3.728488488488488315e+02
-3.728418418418418696e+02
-3.728348348348348509e+02
-3.728278278278278322e+02
-3.728208208208208134e+02
-3.728138138138137947e+02
-3.728068068068068328e+02
-3.727997997997998141e+02
-3.727927927927927954e+02
-3.727857857857857766e+02
-3.727787787787787579e+02
-3.727717717717717960e+02
-3.727647647647647773e+02
-3.727577577577577586e+02
-3.727507507507507398e+02
-3.727437437437437211e+02
-3.727367367367367592e+02
-3.727297297297297405e+02
-3.727227227227227218e+02
-3.727157157157157030e+02
-3.727087087087086843e+02
-3.727017017017017224e+02
-3.726946946946947037e+02
-3.726876876876876850e+02
-3.726806806806806662e+02
-3.726736736736736475e+02
-3.726666666666666856e+02
-3.726596596596596669e+02
-3.726526526526526482e+02
-3.726456456456456294e+02
-3.726386386386386107e+02
-3.726316316316316488e+02
-3.726246246246246301e+02
-3.726176176176176114e+02
-3.726106106106105926e+02
-3.726036036036036307e+02
-3.725965965965966120e+02
-3.725895895895895933e+02
-3.725825825825825746e+02
-3.725755755755755558e+02
-3.725685685685685939e+02
-3.725615615615615752e+02
-3.725545545545545565e+02
-3.725475475475475378e+02
-3.725405405405405190e+02
-3.725335335335335571e+02
-3.725265265265265384e+02
-3.725195195195195197e+02
-3.725125125125125010e+02
-3.725055055055054822e+02
-3.724984984984985203e+02
-3.724914914914915016e+02
-3.724844844844844829e+02
-3.724774774774774642e+02
-3.724704704704704454e+02
-3.724634634634634835e+02
-3.724564564564564648e+02
-3.724494494494494461e+02
-3.724424424424424274e+02
-3.724354354354354086e+02
-3.724284284284284468e+02
-3.724214214214214280e+02
-3.724144144144144093e+02
-3.724074074074073906e+02
-3.724004004004003718e+02
-3.723933933933934100e+02
-3.723863863863863912e+02
-3.723793793793793725e+02
-3.723723723723723538e+02
-3.723653653653653919e+02
-3.723583583583583732e+02
-3.723513513513513544e+02
-3.723443443443443357e+02
-3.723373373373373170e+02
-3.723303303303303551e+02
-3.723233233233233364e+02
-3.723163163163163176e+02
-3.723093093093092989e+02
-3.723023023023022802e+02
-3.722952952952953183e+02
-3.722882882882882996e+02
-3.722812812812812808e+02
-3.722742742742742621e+02
-3.722672672672672434e+02
-3.722602602602602815e+02
-3.722532532532532628e+02
-3.722462462462462440e+02
-3.722392392392392253e+02
-3.722322322322322066e+02
-3.722252252252252447e+02
-3.722182182182182260e+02
-3.722112112112112072e+02
-3.722042042042041885e+02
-3.721971971971971698e+02
-3.721901901901902079e+02
-3.721831831831831892e+02
-3.721761761761761704e+02
-3.721691691691691517e+02
-3.721621621621621898e+02
-3.721551551551551711e+02
-3.721481481481481524e+02
-3.721411411411411336e+02
-3.721341341341341149e+02
-3.721271271271271530e+02
-3.721201201201201343e+02
-3.721131131131131156e+02
-3.721061061061060968e+02
-3.720990990990990781e+02
-3.720920920920921162e+02
-3.720850850850850975e+02
-3.720780780780780788e+02
-3.720710710710710600e+02
-3.720640640640640413e+02
-3.720570570570570794e+02
-3.720500500500500607e+02
-3.720430430430430420e+02
-3.720360360360360232e+02
-3.720290290290290045e+02
-3.720220220220220426e+02
-3.720150150150150239e+02
-3.720080080080080052e+02
-3.720010010010009864e+02
-3.719939939939939677e+02
-3.719869869869870058e+02
-3.719799799799799871e+02
-3.719729729729729684e+02
-3.719659659659659496e+02
-3.719589589589589309e+02
-3.719519519519519690e+02
-3.719449449449449503e+02
-3.719379379379379316e+02
-3.719309309309309128e+02
-3.719239239239239510e+02
-3.719169169169169322e+02
-3.719099099099099135e+02
-3.719029029029028948e+02
-3.718958958958958760e+02
-3.718888888888889142e+02
-3.718818818818818954e+02
-3.718748748748748767e+02
-3.718678678678678580e+02
-3.718608608608608392e+02
-3.718538538538538774e+02
-3.718468468468468586e+02
-3.718398398398398399e+02
-3.718328328328328212e+02
-3.718258258258258024e+02
-3.718188188188188406e+02
-3.718118118118118218e+02
-3.718048048048048031e+02
-3.717977977977977844e+02
-3.717907907907907656e+02
-3.717837837837838038e+02
-3.717767767767767850e+02
-3.717697697697697663e+02
-3.717627627627627476e+02
-3.717557557557557288e+02
-3.717487487487487670e+02
-3.717417417417417482e+02
-3.717347347347347295e+02
-3.717277277277277108e+02
-3.717207207207207489e+02
-3.717137137137137302e+02
-3.717067067067067114e+02
-3.716996996996996927e+02
-3.716926926926926740e+02
-3.716856856856857121e+02
-3.716786786786786934e+02
-3.716716716716716746e+02
-3.716646646646646559e+02
-3.716576576576576372e+02
-3.716506506506506753e+02
-3.716436436436436566e+02
-3.716366366366366378e+02
-3.716296296296296191e+02
-3.716226226226226004e+02
-3.716156156156156385e+02
-3.716086086086086198e+02
-3.716016016016016010e+02
-3.715945945945945823e+02
-3.715875875875875636e+02
-3.715805805805806017e+02
-3.715735735735735830e+02
-3.715665665665665642e+02
-3.715595595595595455e+02
-3.715525525525525268e+02
-3.715455455455455649e+02
-3.715385385385385462e+02
-3.715315315315315274e+02
-3.715245245245245087e+02
-3.715175175175174900e+02
-3.715105105105105281e+02
-3.715035035035035094e+02
-3.714964964964964906e+02
-3.714894894894894719e+02
-3.714824824824825100e+02
-3.714754754754754913e+02
-3.714684684684684726e+02
-3.714614614614614538e+02
-3.714544544544544351e+02
-3.714474474474474732e+02
-3.714404404404404545e+02
-3.714334334334334358e+02
-3.714264264264264170e+02
-3.714194194194193983e+02
-3.714124124124124364e+02
-3.714054054054054177e+02
-3.713983983983983990e+02
-3.713913913913913802e+02
-3.713843843843843615e+02
-3.713773773773773996e+02
-3.713703703703703809e+02
-3.713633633633633622e+02
-3.713563563563563434e+02
-3.713493493493493247e+02
-3.713423423423423628e+02
-3.713353353353353441e+02
-3.713283283283283254e+02
-3.713213213213213066e+02
-3.713143143143142879e+02
-3.713073073073073260e+02
-3.713003003003003073e+02
-3.712932932932932886e+02
-3.712862862862862698e+02
-3.712792792792792511e+02
-3.712722722722722892e+02
-3.712652652652652705e+02
-3.712582582582582518e+02
-3.712512512512512330e+02
-3.712442442442442712e+02
-3.712372372372372524e+02
-3.712302302302302337e+02
-3.712232232232232150e+02
-3.712162162162161962e+02
-3.712092092092092344e+02
-3.712022022022022156e+02
-3.711951951951951969e+02
-3.711881881881881782e+02
-3.711811811811811594e+02
-3.711741741741741976e+02
-3.711671671671671788e+02
-3.711601601601601601e+02
-3.711531531531531414e+02
-3.711461461461461226e+02
-3.711391391391391608e+02
-3.711321321321321420e+02
-3.711251251251251233e+02
-3.711181181181181046e+02
-3.711111111111110858e+02
-3.711041041041041240e+02
-3.710970970970971052e+02
-3.710900900900900865e+02
-3.710830830830830678e+02
-3.710760760760760490e+02
-3.710690690690690872e+02
-3.710620620620620684e+02
-3.710550550550550497e+02
-3.710480480480480310e+02
-3.710410410410410691e+02
-3.710340340340340504e+02
-3.710270270270270316e+02
-3.710200200200200129e+02
-3.710130130130129942e+02
-3.710060060060060323e+02
-3.709989989989990136e+02
-3.709919919919919948e+02
-3.709849849849849761e+02
-3.709779779779779574e+02
-3.709709709709709955e+02
-3.709639639639639768e+02
-3.709569569569569580e+02
-3.709499499499499393e+02
-3.709429429429429206e+02
-3.709359359359359587e+02
-3.709289289289289400e+02
-3.709219219219219212e+02
-3.709149149149149025e+02
-3.709079079079078838e+02
-3.709009009009009219e+02
-3.708938938938939032e+02
-3.708868868868868844e+02
-3.708798798798798657e+02
-3.708728728728728470e+02
-3.708658658658658851e+02
-3.708588588588588664e+02
-3.708518518518518476e+02
-3.708448448448448289e+02
-3.708378378378378102e+02
-3.708308308308308483e+02
-3.708238238238238296e+02
-3.708168168168168108e+02
-3.708098098098097921e+02
-3.708028028028028302e+02
-3.707957957957958115e+02
-3.707887887887887928e+02
-3.707817817817817740e+02
-3.707747747747747553e+02
-3.707677677677677934e+02
-3.707607607607607747e+02
-3.707537537537537560e+02
-3.707467467467467372e+02
-3.707397397397397185e+02
-3.707327327327327566e+02
-3.707257257257257379e+02
-3.707187187187187192e+02
-3.707117117117117004e+02
-3.707047047047046817e+02
-3.706976976976977198e+02
-3.706906906906907011e+02
-3.706836836836836824e+02
-3.706766766766766636e+02
-3.706696696696696449e+02
-3.706626626626626830e+02
-3.706556556556556643e+02
-3.706486486486486456e+02
-3.706416416416416268e+02
-3.706346346346346081e+02
-3.706276276276276462e+02
-3.706206206206206275e+02
-3.706136136136136088e+02
-3.706066066066065900e+02
-3.705995995995996282e+02
-3.705925925925926094e+02
-3.705855855855855907e+02
-3.705785785785785720e+02
-3.705715715715715532e+02
-3.705645645645645914e+02
-3.705575575575575726e+02
-3.705505505505505539e+02
-3.705435435435435352e+02
-3.705365365365365165e+02
-3.705295295295295546e+02
-3.705225225225225358e+02
-3.705155155155155171e+02
-3.705085085085084984e+02
-3.705015015015014797e+02
-3.704944944944945178e+02
-3.704874874874874990e+02
-3.704804804804804803e+02
-3.704734734734734616e+02
-3.704664664664664429e+02
-3.704594594594594810e+02
-3.704524524524524622e+02
-3.704454454454454435e+02
-3.704384384384384248e+02
-3.704314314314314061e+02
-3.704244244244244442e+02
-3.704174174174174254e+02
-3.704104104104104067e+02
-3.704034034034033880e+02
-3.703963963963963693e+02
-3.703893893893894074e+02
-3.703823823823823886e+02
-3.703753753753753699e+02
-3.703683683683683512e+02
-3.703613613613613893e+02
-3.703543543543543706e+02
-3.703473473473473518e+02
-3.703403403403403331e+02
-3.703333333333333144e+02
-3.703263263263263525e+02
-3.703193193193193338e+02
-3.703123123123123150e+02
-3.703053053053052963e+02
-3.702982982982982776e+02
-3.702912912912913157e+02
-3.702842842842842970e+02
-3.702772772772772782e+02
-3.702702702702702595e+02
-3.702632632632632408e+02
-3.702562562562562789e+02
-3.702492492492492602e+02
-3.702422422422422414e+02
-3.702352352352352227e+02
-3.702282282282282040e+02
-3.702212212212212421e+02
-3.702142142142142234e+02
-3.702072072072072046e+02
-3.702002002002001859e+02
-3.701931931931931672e+02
-3.701861861861862053e+02
-3.701791791791791866e+02
-3.701721721721721678e+02
-3.701651651651651491e+02
-3.701581581581581304e+02
-3.701511511511511685e+02
-3.701441441441441498e+02
-3.701371371371371310e+02
-3.701301301301301123e+02
-3.701231231231231504e+02
-3.701161161161161317e+02
-3.701091091091091130e+02
-3.701021021021020942e+02
-3.700950950950950755e+02
-3.700880880880881136e+02
-3.700810810810810949e+02
-3.700740740740740762e+02
-3.700670670670670575e+02
-3.700600600600600387e+02
-3.700530530530530768e+02
-3.700460460460460581e+02
-3.700390390390390394e+02
-3.700320320320320207e+02
-3.700250250250250019e+02
-3.700180180180180400e+02
-3.700110110110110213e+02
-3.700040040040040026e+02
-3.699969969969969839e+02
-3.699899899899899651e+02
-3.699829829829830032e+02
-3.699759759759759845e+02
-3.699689689689689658e+02
-3.699619619619619471e+02
-3.699549549549549283e+02
-3.699479479479479664e+02
-3.699409409409409477e+02
-3.699339339339339290e+02
-3.699269269269269103e+02
-3.699199199199199484e+02
-3.699129129129129296e+02
-3.699059059059059109e+02
-3.698988988988988922e+02
-3.698918918918918735e+02
-3.698848848848849116e+02
-3.698778778778778928e+02
-3.698708708708708741e+02
-3.698638638638638554e+02
-3.698568568568568367e+02
-3.698498498498498748e+02
-3.698428428428428560e+02
-3.698358358358358373e+02
-3.698288288288288186e+02
-3.698218218218217999e+02
-3.698148148148148380e+02
-3.698078078078078192e+02
-3.698008008008008005e+02
-3.697937937937937818e+02
-3.697867867867867631e+02
-3.697797797797798012e+02
-3.697727727727727824e+02
-3.697657657657657637e+02
-3.697587587587587450e+02
-3.697517517517517263e+02
-3.697447447447447644e+02
-3.697377377377377456e+02
-3.697307307307307269e+02
-3.697237237237237082e+02
-3.697167167167166895e+02
-3.697097097097097276e+02
-3.697027027027027088e+02
-3.696956956956956901e+02
-3.696886886886886714e+02
-3.696816816816817095e+02
-3.696746746746746908e+02
-3.696676676676676720e+02
-3.696606606606606533e+02
-3.696536536536536346e+02
-3.696466466466466727e+02
-3.696396396396396540e+02
-3.696326326326326353e+02
-3.696256256256256165e+02
-3.696186186186185978e+02
-3.696116116116116359e+02
-3.696046046046046172e+02
-3.695975975975975985e+02
-3.695905905905905797e+02
-3.695835835835835610e+02
-3.695765765765765991e+02
-3.695695695695695804e+02
-3.695625625625625617e+02
-3.695555555555555429e+02
-3.695485485485485242e+02
-3.695415415415415623e+02
-3.695345345345345436e+02
-3.695275275275275249e+02
-3.695205205205205061e+02
-3.695135135135134874e+02
-3.695065065065065255e+02
-3.694994994994995068e+02
-3.694924924924924881e+02
-3.694854854854854693e+02
-3.694784784784784506e+02
-3.694714714714714887e+02
-3.694644644644644700e+02
-3.694574574574574513e+02
-3.694504504504504325e+02
-3.694434434434434706e+02
-3.694364364364364519e+02
-3.694294294294294332e+02
-3.694224224224224145e+02
-3.694154154154153957e+02
-3.694084084084084338e+02
-3.694014014014014151e+02
-3.693943943943943964e+02
-3.693873873873873777e+02
-3.693803803803803589e+02
-3.693733733733733970e+02
-3.693663663663663783e+02
-3.693593593593593596e+02
-3.693523523523523409e+02
-3.693453453453453221e+02
-3.693383383383383602e+02
-3.693313313313313415e+02
-3.693243243243243228e+02
-3.693173173173173041e+02
-3.693103103103102853e+02
-3.693033033033033234e+02
-3.692962962962963047e+02
-3.692892892892892860e+02
-3.692822822822822673e+02
-3.692752752752752485e+02
-3.692682682682682866e+02
-3.692612612612612679e+02
-3.692542542542542492e+02
-3.692472472472472305e+02
-3.692402402402402686e+02
-3.692332332332332498e+02
-3.692262262262262311e+02
-3.692192192192192124e+02
-3.692122122122121937e+02
-3.692052052052052318e+02
-3.691981981981982130e+02
-3.691911911911911943e+02
-3.691841841841841756e+02
-3.691771771771771569e+02
-3.691701701701701950e+02
-3.691631631631631763e+02
-3.691561561561561575e+02
-3.691491491491491388e+02
-3.691421421421421201e+02
-3.691351351351351582e+02
-3.691281281281281395e+02
-3.691211211211211207e+02
-3.691141141141141020e+02
-3.691071071071070833e+02
-3.691001001001001214e+02
-3.690930930930931027e+02
-3.690860860860860839e+02
-3.690790790790790652e+02
-3.690720720720720465e+02
-3.690650650650650846e+02
-3.690580580580580659e+02
-3.690510510510510471e+02
-3.690440440440440284e+02
-3.690370370370370097e+02
-3.690300300300300478e+02
-3.690230230230230291e+02
-3.690160160160160103e+02
-3.690090090090089916e+02
-3.690020020020020297e+02
-3.689949949949950110e+02
-3.689879879879879923e+02
-3.689809809809809735e+02
-3.689739739739739548e+02
-3.689669669669669929e+02
-3.689599599599599742e+02
-3.689529529529529555e+02
-3.689459459459459367e+02
-3.689389389389389180e+02
-3.689319319319319561e+02
-3.689249249249249374e+02
-3.689179179179179187e+02
-3.689109109109108999e+02
-3.689039039039038812e+02
-3.688968968968969193e+02
-3.688898898898899006e+02
-3.688828828828828819e+02
-3.688758758758758631e+02
-3.688688688688688444e+02
-3.688618618618618825e+02
-3.688548548548548638e+02
-3.688478478478478451e+02
-3.688408408408408263e+02
-3.688338338338338076e+02
-3.688268268268268457e+02
-3.688198198198198270e+02
-3.688128128128128083e+02
-3.688058058058057895e+02
-3.687987987987987708e+02
-3.687917917917918089e+02
-3.687847847847847902e+02
-3.687777777777777715e+02
-3.687707707707707527e+02
-3.687637637637637908e+02
-3.687567567567567721e+02
-3.687497497497497534e+02
-3.687427427427427347e+02
-3.687357357357357159e+02
-3.687287287287287540e+02
-3.687217217217217353e+02
-3.687147147147147166e+02
-3.687077077077076979e+02
-3.687007007007006791e+02
-3.686936936936937173e+02
-3.686866866866866985e+02
-3.686796796796796798e+02
-3.686726726726726611e+02
-3.686656656656656423e+02
-3.686586586586586805e+02
-3.686516516516516617e+02
-3.686446446446446430e+02
-3.686376376376376243e+02
-3.686306306306306055e+02
-3.686236236236236437e+02
-3.686166166166166249e+02
-3.686096096096096062e+02
-3.686026026026025875e+02
-3.685955955955955687e+02
-3.685885885885886069e+02
-3.685815815815815881e+02
-3.685745745745745694e+02
-3.685675675675675507e+02
-3.685605605605605888e+02
-3.685535535535535701e+02
-3.685465465465465513e+02
-3.685395395395395326e+02
-3.685325325325325139e+02
-3.685255255255255520e+02
-3.685185185185185333e+02
-3.685115115115115145e+02
-3.685045045045044958e+02
-3.684974974974974771e+02
-3.684904904904905152e+02
-3.684834834834834965e+02
-3.684764764764764777e+02
-3.684694694694694590e+02
-3.684624624624624403e+02
-3.684554554554554784e+02
-3.684484484484484597e+02
-3.684414414414414409e+02
-3.684344344344344222e+02
-3.684274274274274035e+02
-3.684204204204204416e+02
-3.684134134134134229e+02
-3.684064064064064041e+02
-3.683993993993993854e+02
-3.683923923923923667e+02
-3.683853853853854048e+02
-3.683783783783783861e+02
-3.683713713713713673e+02
-3.683643643643643486e+02
-3.683573573573573299e+02
-3.683503503503503680e+02
-3.683433433433433493e+02
-3.683363363363363305e+02
-3.683293293293293118e+02
-3.683223223223223499e+02
-3.683153153153153312e+02
-3.683083083083083125e+02
-3.683013013013012937e+02
-3.682942942942942750e+02
-3.682872872872873131e+02
-3.682802802802802944e+02
-3.682732732732732757e+02
-3.682662662662662569e+02
-3.682592592592592382e+02
-3.682522522522522763e+02
-3.682452452452452576e+02
-3.682382382382382389e+02
-3.682312312312312201e+02
-3.682242242242242014e+02
-3.682172172172172395e+02
-3.682102102102102208e+02
-3.682032032032032021e+02
-3.681961961961961833e+02
-3.681891891891891646e+02
-3.681821821821822027e+02
-3.681751751751751840e+02
-3.681681681681681653e+02
-3.681611611611611465e+02
-3.681541541541541278e+02
-3.681471471471471659e+02
-3.681401401401401472e+02
-3.681331331331331285e+02
-3.681261261261261097e+02
-3.681191191191190910e+02
-3.681121121121121291e+02
-3.681051051051051104e+02
-3.680980980980980917e+02
-3.680910910910910729e+02
-3.680840840840841111e+02
-3.680770770770770923e+02
-3.680700700700700736e+02
-3.680630630630630549e+02
-3.680560560560560361e+02
-3.680490490490490743e+02
-3.680420420420420555e+02
-3.680350350350350368e+02
-3.680280280280280181e+02
-3.680210210210209993e+02
-3.680140140140140375e+02
-3.680070070070070187e+02
-3.680000000000000000e+02
