-4.000000000000000000e+02
-3.999299299299299264e+02
-3.998598598598598528e+02
-3.997897897897897792e+02
-3.997197197197197056e+02
-3.996496496496496320e+02
-3.995795795795795584e+02
-3.995095095095094848e+02
-3.994394394394394112e+02
-3.993693693693693945e+02
-3.992992992992993209e+02
-3.992292292292292473e+02
-3.991591591591591737e+02
-3.990890890890891001e+02
-3.990190190190190265e+02
-3.989489489489489529e+02
-3.988788788788788793e+02
-3.988088088088088057e+02
-3.987387387387387321e+02
-3.986686686686686585e+02
-3.985985985985985849e+02
-3.985285285285285113e+02
-3.984584584584584377e+02
-3.983883883883883641e+02
-3.983183183183182905e+02
-3.982482482482482737e+02
-3.981781781781782001e+02
-3.981081081081081265e+02
-3.980380380380380529e+02
-3.979679679679679793e+02
-3.978978978978979058e+02
-3.978278278278278322e+02
-3.977577577577577586e+02
-3.976876876876876850e+02
-3.976176176176176114e+02
-3.975475475475475378e+02
-3.974774774774774642e+02
-3.974074074074073906e+02
-3.973373373373373170e+02
-3.972672672672672434e+02
-3.971971971971971698e+02
-3.971271271271271530e+02
-3.970570570570570794e+02
-3.969869869869870058e+02
-3.969169169169169322e+02
-3.968468468468468586e+02
-3.967767767767767850e+02
-3.967067067067067114e+02
-3.966366366366366378e+02
-3.965665665665665642e+02
-3.964964964964964906e+02
-3.964264264264264170e+02
-3.963563563563563434e+02
-3.962862862862862698e+02
-3.962162162162161962e+02
-3.961461461461461226e+02
-3.960760760760760490e+02
-3.960060060060060323e+02
-3.959359359359359587e+02
-3.958658658658658851e+02
-3.957957957957958115e+02
-3.957257257257257379e+02
-3.956556556556556643e+02
-3.955855855855855907e+02
-3.955155155155155171e+02
-3.954454454454454435e+02
-3.953753753753753699e+02
-3.953053053053052963e+02
-3.952352352352352227e+02
-3.951651651651651491e+02
-3.950950950950950755e+02
-3.950250250250250019e+02
-3.949549549549549283e+02
-3.948848848848849116e+02
-3.948148148148148380e+02
-3.947447447447447644e+02
-3.946746746746746908e+02
-3.946046046046046172e+02
-3.945345345345345436e+02
-3.944644644644644700e+02
-3.943943943943943964e+02
-3.943243243243243228e+02
-3.942542542542542492e+02
-3.941841841841841756e+02
-3.941141141141141020e+02
-3.940440440440440284e+02
-3.939739739739739548e+02
-3.939039039039038812e+02
-3.938338338338338076e+02
-3.937637637637637908e+02
-3.936936936936937173e+02
-3.936236236236236437e+02
-3.935535535535535701e+02
-3.934834834834834965e+02
-3.934134134134134229e+02
-3.933433433433433493e+02
-3.932732732732732757e+02
-3.932032032032032021e+02
-3.931331331331331285e+02
-3.930630630630630549e+02
-3.929929929929929813e+02
-3.929229229229229077e+02
-3.928528528528528341e+02
-3.927827827827827605e+02
-3.927127127127126869e+02
-3.926426426426426701e+02
-3.925725725725725965e+02
-3.925025025025025229e+02
-3.924324324324324493e+02
-3.923623623623623757e+02
-3.922922922922923021e+02
-3.922222222222222285e+02
-3.921521521521521549e+02
-3.920820820820820813e+02
-3.920120120120120077e+02
-3.919419419419419341e+02
-3.918718718718718605e+02
-3.918018018018017870e+02
-3.917317317317317134e+02
-3.916616616616616398e+02
-3.915915915915915662e+02
-3.915215215215215494e+02
-3.914514514514514758e+02
-3.913813813813814022e+02
-3.913113113113113286e+02
-3.912412412412412550e+02
-3.911711711711711814e+02
-3.911011011011011078e+02
-3.910310310310310342e+02
-3.909609609609609606e+02
-3.908908908908908870e+02
-3.908208208208208134e+02
-3.907507507507507398e+02
-3.906806806806806662e+02
-3.906106106106105926e+02
-3.905405405405405190e+02
-3.904704704704704454e+02
-3.904004004004003718e+02
-3.903303303303303551e+02
-3.902602602602602815e+02
-3.901901901901902079e+02
-3.901201201201201343e+02
-3.900500500500500607e+02
-3.899799799799799871e+02
-3.899099099099099135e+02
-3.898398398398398399e+02
-3.897697697697697663e+02
-3.896996996996996927e+02
-3.896296296296296191e+02
-3.895595595595595455e+02
-3.894894894894894719e+02
-3.894194194194193983e+02
-3.893493493493493247e+02
-3.892792792792793080e+02
-3.892092092092092344e+02
-3.891391391391391608e+02
-3.890690690690690872e+02
-3.889989989989990136e+02
-3.889289289289289400e+02
-3.888588588588588664e+02
-3.887887887887887928e+02
-3.887187187187187192e+02
-3.886486486486486456e+02
-3.885785785785785720e+02
-3.885085085085084984e+02
-3.884384384384384248e+02
-3.883683683683683512e+02
-3.882982982982982776e+02
-3.882282282282282040e+02
-3.881581581581581304e+02
-3.880880880880881136e+02
-3.880180180180180400e+02
-3.879479479479479664e+02
-3.878778778778778928e+02
-3.878078078078078192e+02
-3.877377377377377456e+02
-3.876676676676676720e+02
-3.875975975975975985e+02
-3.875275275275275249e+02
-3.874574574574574513e+02
-3.873873873873873777e+02
-3.873173173173173041e+02
-3.872472472472472305e+02
-3.871771771771771569e+02
-3.871071071071070833e+02
-3.870370370370370097e+02
-3.869669669669669929e+02
-3.868968968968969193e+02
-3.868268268268268457e+02
-3.867567567567567721e+02
-3.866866866866866985e+02
-3.866166166166166249e+02
-3.865465465465465513e+02
-3.864764764764764777e+02
-3.864064064064064041e+02
-3.863363363363363305e+02
-3.862662662662662569e+02
-3.861961961961961833e+02
-3.861261261261261097e+02
-3.860560560560560361e+02
-3.859859859859859625e+02
-3.859159159159158889e+02
-3.858458458458458722e+02
-3.857757757757757986e+02
-3.857057057057057250e+02
-3.856356356356356514e+02
-3.855655655655655778e+02
-3.854954954954955042e+02
-3.854254254254254306e+02
-3.853553553553553570e+02
-3.852852852852852834e+02
-3.852152152152152098e+02
-3.851451451451451362e+02
-3.850750750750750626e+02
-3.850050050050049890e+02
-3.849349349349349154e+02
-3.848648648648648418e+02
-3.847947947947947682e+02
-3.847247247247247515e+02
-3.846546546546546779e+02
-3.845845845845846043e+02
-3.845145145145145307e+02
-3.844444444444444571e+02
-3.843743743743743835e+02
-3.843043043043043099e+02
-3.842342342342342363e+02
-3.841641641641641627e+02
-3.840940940940940891e+02
-3.840240240240240155e+02
-3.839539539539539419e+02
-3.838838838838838683e+02
-3.838138138138137947e+02
-3.837437437437437211e+02
-3.836736736736736475e+02
-3.836036036036035739e+02
-3.835335335335335571e+02
-3.834634634634634835e+02
-3.833933933933934100e+02
-3.833233233233233364e+02
-3.832532532532532628e+02
-3.831831831831831892e+02
-3.831131131131131156e+02
-3.830430430430430420e+02
-3.829729729729729684e+02
-3.829029029029028948e+02
-3.828328328328328212e+02
-3.827627627627627476e+02
-3.826926926926926740e+02
-3.826226226226226004e+02
-3.825525525525525268e+02
-3.824824824824825100e+02
-3.824124124124124364e+02
-3.823423423423423628e+02
-3.822722722722722892e+02
-3.822022022022022156e+02
-3.821321321321321420e+02
-3.820620620620620684e+02
-3.819919919919919948e+02
-3.819219219219219212e+02
-3.818518518518518476e+02
-3.817817817817817740e+02
-3.817117117117117004e+02
-3.816416416416416268e+02
-3.815715715715715532e+02
-3.815015015015014797e+02
-3.814314314314314061e+02
-3.813613613613613325e+02
-3.812912912912913157e+02
-3.812212212212212421e+02
-3.811511511511511685e+02
-3.810810810810810949e+02
-3.810110110110110213e+02
-3.809409409409409477e+02
-3.808708708708708741e+02
-3.808008008008008005e+02
-3.807307307307307269e+02
-3.806606606606606533e+02
-3.805905905905905797e+02
-3.805205205205205061e+02
-3.804504504504504325e+02
-3.803803803803803589e+02
-3.803103103103102853e+02
-3.802402402402402686e+02
-3.801701701701701950e+02
-3.801001001001001214e+02
-3.800300300300300478e+02
-3.799599599599599742e+02
-3.798898898898899006e+02
-3.798198198198198270e+02
-3.797497497497497534e+02
-3.796796796796796798e+02
-3.796096096096096062e+02
-3.795395395395395326e+02
-3.794694694694694590e+02
-3.793993993993993854e+02
-3.793293293293293118e+02
-3.792592592592592382e+02
-3.791891891891891646e+02
-3.791191191191190910e+02
-3.790490490490490743e+02
-3.789789789789790007e+02
-3.789089089089089271e+02
-3.788388388388388535e+02
-3.787687687687687799e+02
-3.786986986986987063e+02
-3.786286286286286327e+02
-3.785585585585585591e+02
-3.784884884884884855e+02
-3.784184184184184119e+02
-3.783483483483483383e+02
-3.782782782782782647e+02
-3.782082082082081911e+02
-3.781381381381381175e+02
-3.780680680680680439e+02
-3.779979979979980271e+02
-3.779279279279279535e+02
-3.778578578578578799e+02
-3.777877877877878063e+02
-3.777177177177177327e+02
-3.776476476476476591e+02
-3.775775775775775855e+02
-3.775075075075075119e+02
-3.774374374374374383e+02
-3.773673673673673647e+02
-3.772972972972972912e+02
-3.772272272272272176e+02
-3.771571571571571440e+02
-3.770870870870870704e+02
-3.770170170170169968e+02
-3.769469469469469232e+02
-3.768768768768768496e+02
-3.768068068068067760e+02
-3.767367367367367592e+02
-3.766666666666666856e+02
-3.765965965965966120e+02
-3.765265265265265384e+02
-3.764564564564564648e+02
-3.763863863863863912e+02
-3.763163163163163176e+02
-3.762462462462462440e+02
-3.761761761761761704e+02
-3.761061061061060968e+02
-3.760360360360360232e+02
-3.759659659659659496e+02
-3.758958958958958760e+02
-3.758258258258258024e+02
-3.757557557557557288e+02
-3.756856856856857121e+02
-3.756156156156156385e+02
-3.755455455455455649e+02
-3.754754754754754913e+02
-3.754054054054054177e+02
-3.753353353353353441e+02
-3.752652652652652705e+02
-3.751951951951951969e+02
-3.751251251251251233e+02
-3.750550550550550497e+02
-3.749849849849849761e+02
-3.749149149149149025e+02
-3.748448448448448289e+02
-3.747747747747747553e+02
-3.747047047047046817e+02
-3.746346346346346081e+02
-3.745645645645645345e+02
-3.744944944944945178e+02
-3.744244244244244442e+02
-3.743543543543543706e+02
-3.742842842842842970e+02
-3.742142142142142234e+02
-3.741441441441441498e+02
-3.740740740740740762e+02
-3.740040040040040026e+02
-3.739339339339339290e+02
-3.738638638638638554e+02
-3.737937937937937818e+02
-3.737237237237237082e+02
-3.736536536536536346e+02
-3.735835835835835610e+02
-3.735135135135134874e+02
-3.734434434434434706e+02
-3.733733733733733970e+02
-3.733033033033033234e+02
-3.732332332332332498e+02
-3.731631631631631763e+02
-3.730930930930931027e+02
-3.730230230230230291e+02
-3.729529529529529555e+02
-3.728828828828828819e+02
-3.728128128128128083e+02
-3.727427427427427347e+02
-3.726726726726726611e+02
-3.726026026026025875e+02
-3.725325325325325139e+02
-3.724624624624624403e+02
-3.723923923923923667e+02
-3.723223223223222931e+02
-3.722522522522522763e+02
-3.721821821821822027e+02
-3.721121121121121291e+02
-3.720420420420420555e+02
-3.719719719719719819e+02
-3.719019019019019083e+02
-3.718318318318318347e+02
-3.717617617617617611e+02
-3.716916916916916875e+02
-3.716216216216216139e+02
-3.715515515515515403e+02
-3.714814814814814667e+02
-3.714114114114113931e+02
-3.713413413413413195e+02
-3.712712712712712460e+02
-3.712012012012012292e+02
-3.711311311311311556e+02
-3.710610610610610820e+02
-3.709909909909910084e+02
-3.709209209209209348e+02
-3.708508508508508612e+02
-3.707807807807807876e+02
-3.707107107107107140e+02
-3.706406406406406404e+02
-3.705705705705705668e+02
-3.705005005005004932e+02
-3.704304304304304196e+02
-3.703603603603603460e+02
-3.702902902902902724e+02
-3.702202202202201988e+02
-3.701501501501501252e+02
-3.700800800800800516e+02
-3.700100100100100349e+02
-3.699399399399399613e+02
-3.698698698698698877e+02
-3.697997997997998141e+02
-3.697297297297297405e+02
-3.696596596596596669e+02
-3.695895895895895933e+02
-3.695195195195195197e+02
-3.694494494494494461e+02
-3.693793793793793725e+02
-3.693093093093092989e+02
-3.692392392392392253e+02
-3.691691691691691517e+02
-3.690990990990990781e+02
-3.690290290290290045e+02
-3.689589589589589878e+02
-3.688888888888889142e+02
-3.688188188188188406e+02
-3.687487487487487670e+02
-3.686786786786786934e+02
-3.686086086086086198e+02
-3.685385385385385462e+02
-3.684684684684684726e+02
-3.683983983983983990e+02
-3.683283283283283254e+02
-3.682582582582582518e+02
-3.681881881881881782e+02
-3.681181181181181046e+02
-3.680480480480480310e+02
-3.679779779779779574e+02
-3.679079079079078838e+02
-3.678378378378378102e+02
-3.677677677677677366e+02
-3.676976976976977198e+02
-3.676276276276276462e+02
-3.675575575575575726e+02
-3.674874874874874990e+02
-3.674174174174174254e+02
-3.673473473473473518e+02
-3.672772772772772782e+02
-3.672072072072072046e+02
-3.671371371371371310e+02
-3.670670670670670575e+02
-3.669969969969969839e+02
-3.669269269269269103e+02
-3.668568568568568367e+02
-3.667867867867867631e+02
-3.667167167167167463e+02
-3.666466466466466727e+02
-3.665765765765765991e+02
-3.665065065065065255e+02
-3.664364364364364519e+02
-3.663663663663663783e+02
-3.662962962962963047e+02
-3.662262262262262311e+02
-3.661561561561561575e+02
-3.660860860860860839e+02
-3.660160160160160103e+02
-3.659459459459459367e+02
-3.658758758758758631e+02
-3.658058058058057895e+02
-3.657357357357357159e+02
-3.656656656656656423e+02
-3.655955955955955687e+02
-3.655255255255254951e+02
-3.654554554554554784e+02
-3.653853853853854048e+02
-3.653153153153153312e+02
-3.652452452452452576e+02
-3.651751751751751840e+02
-3.651051051051051104e+02
-3.650350350350350368e+02
-3.649649649649649632e+02
-3.648948948948948896e+02
-3.648248248248248160e+02
-3.647547547547547424e+02
-3.646846846846846688e+02
-3.646146146146145952e+02
-3.645445445445445216e+02
-3.644744744744745049e+02
-3.644044044044044313e+02
-3.643343343343343577e+02
-3.642642642642642841e+02
-3.641941941941942105e+02
-3.641241241241241369e+02
-3.640540540540540633e+02
-3.639839839839839897e+02
-3.639139139139139161e+02
-3.638438438438438425e+02
-3.637737737737737689e+02
-3.637037037037036953e+02
-3.636336336336336217e+02
-3.635635635635635481e+02
-3.634934934934934745e+02
-3.634234234234234009e+02
-3.633533533533533273e+02
-3.632832832832832537e+02
-3.632132132132131801e+02
-3.631431431431431633e+02
-3.630730730730730897e+02
-3.630030030030030161e+02
-3.629329329329329425e+02
-3.628628628628628690e+02
-3.627927927927927954e+02
-3.627227227227227218e+02
-3.626526526526526482e+02
-3.625825825825825746e+02
-3.625125125125125010e+02
-3.624424424424424274e+02
-3.623723723723723538e+02
-3.623023023023022802e+02
-3.622322322322322066e+02
-3.621621621621621898e+02
-3.620920920920921162e+02
-3.620220220220220426e+02
-3.619519519519519690e+02
-3.618818818818818954e+02
-3.618118118118118218e+02
-3.617417417417417482e+02
-3.616716716716716746e+02
-3.616016016016016010e+02
-3.615315315315315274e+02
-3.614614614614614538e+02
-3.613913913913913802e+02
-3.613213213213213066e+02
-3.612512512512512330e+02
-3.611811811811811594e+02
-3.611111111111110858e+02
-3.610410410410410122e+02
-3.609709709709709387e+02
-3.609009009009009219e+02
-3.608308308308308483e+02
-3.607607607607607747e+02
-3.606906906906907011e+02
-3.606206206206206275e+02
-3.605505505505505539e+02
-3.604804804804804803e+02
-3.604104104104104067e+02
-3.603403403403403331e+02
-3.602702702702702595e+02
-3.602002002002001859e+02
-3.601301301301301123e+02
-3.600600600600600387e+02
-3.599899899899899651e+02
-3.599199199199199484e+02
-3.598498498498498748e+02
-3.597797797797798012e+02
-3.597097097097097276e+02
-3.596396396396396540e+02
-3.595695695695695804e+02
-3.594994994994995068e+02
-3.594294294294294332e+02
-3.593593593593593596e+02
-3.592892892892892860e+02
-3.592192192192192124e+02
-3.591491491491491388e+02
-3.590790790790790652e+02
-3.590090090090089916e+02
-3.589389389389389180e+02
-3.588688688688688444e+02
-3.587987987987987708e+02
-3.587287287287286972e+02
-3.586586586586586805e+02
-3.585885885885886069e+02
-3.585185185185185333e+02
-3.584484484484484597e+02
-3.583783783783783861e+02
-3.583083083083083125e+02
-3.582382382382382389e+02
-3.581681681681681653e+02
-3.580980980980980917e+02
-3.580280280280280181e+02
-3.579579579579579445e+02
-3.578878878878878709e+02
-3.578178178178177973e+02
-3.577477477477477237e+02
-3.576776776776777069e+02
-3.576076076076076333e+02
-3.575375375375375597e+02
-3.574674674674674861e+02
-3.573973973973974125e+02
-3.573273273273273389e+02
-3.572572572572572653e+02
-3.571871871871871917e+02
-3.571171171171171181e+02
-3.570470470470470445e+02
-3.569769769769769709e+02
-3.569069069069068973e+02
-3.568368368368368237e+02
-3.567667667667667502e+02
-3.566966966966966766e+02
-3.566266266266266030e+02
-3.565565565565565294e+02
-3.564864864864864558e+02
-3.564164164164164390e+02
-3.563463463463463654e+02
-3.562762762762762918e+02
-3.562062062062062182e+02
-3.561361361361361446e+02
-3.560660660660660710e+02
-3.559959959959959974e+02
-3.559259259259259238e+02
-3.558558558558558502e+02
-3.557857857857857766e+02
-3.557157157157157030e+02
-3.556456456456456294e+02
-3.555755755755755558e+02
-3.555055055055054822e+02
-3.554354354354354655e+02
-3.553653653653653919e+02
-3.552952952952953183e+02
-3.552252252252252447e+02
-3.551551551551551711e+02
-3.550850850850850975e+02
-3.550150150150150239e+02
-3.549449449449449503e+02
-3.548748748748748767e+02
-3.548048048048048031e+02
-3.547347347347347295e+02
-3.546646646646646559e+02
-3.545945945945945823e+02
-3.545245245245245087e+02
-3.544544544544544351e+02
-3.543843843843843615e+02
-3.543143143143142879e+02
-3.542442442442442143e+02
-3.541741741741741407e+02
-3.541041041041041240e+02
-3.540340340340340504e+02
-3.539639639639639768e+02
-3.538938938938939032e+02
-3.538238238238238296e+02
-3.537537537537537560e+02
-3.536836836836836824e+02
-3.536136136136136088e+02
-3.535435435435435352e+02
-3.534734734734734616e+02
-3.534034034034033880e+02
-3.533333333333333144e+02
-3.532632632632632408e+02
-3.531931931931931672e+02
-3.531231231231231504e+02
-3.530530530530530768e+02
-3.529829829829830032e+02
-3.529129129129129296e+02
-3.528428428428428560e+02
-3.527727727727727824e+02
-3.527027027027027088e+02
-3.526326326326326353e+02
-3.525625625625625617e+02
-3.524924924924924881e+02
-3.524224224224224145e+02
-3.523523523523523409e+02
-3.522822822822822673e+02
-3.522122122122121937e+02
-3.521421421421421201e+02
-3.520720720720720465e+02
-3.520020020020019729e+02
-3.519319319319318993e+02
-3.518618618618618825e+02
-3.517917917917918089e+02
-3.517217217217217353e+02
-3.516516516516516617e+02
-3.515815815815815881e+02
-3.515115115115115145e+02
-3.514414414414414409e+02
-3.513713713713713673e+02
-3.513013013013012937e+02
-3.512312312312312201e+02
-3.511611611611611465e+02
-3.510910910910910729e+02
-3.510210210210209993e+02
-3.509509509509509257e+02
-3.508808808808809090e+02
-3.508108108108108354e+02
-3.507407407407407618e+02
-3.506706706706706882e+02
-3.506006006006006146e+02
-3.505305305305305410e+02
-3.504604604604604674e+02
-3.503903903903903938e+02
-3.503203203203203202e+02
-3.502502502502502466e+02
-3.501801801801801730e+02
-3.501101101101100994e+02
-3.500400400400400258e+02
-3.499699699699699522e+02
-3.498998998998998786e+02
-3.498298298298298050e+02
-3.497597597597597314e+02
-3.496896896896896578e+02
-3.496196196196196411e+02
-3.495495495495495675e+02
-3.494794794794794939e+02
-3.494094094094094203e+02
-3.493393393393393467e+02
-3.492692692692692731e+02
-3.491991991991991995e+02
-3.491291291291291259e+02
-3.490590590590590523e+02
-3.489889889889889787e+02
-3.489189189189189051e+02
-3.488488488488488315e+02
-3.487787787787787579e+02
-3.487087087087086843e+02
-3.486386386386386675e+02
-3.485685685685685939e+02
-3.484984984984985203e+02
-3.484284284284284468e+02
-3.483583583583583732e+02
-3.482882882882882996e+02
-3.482182182182182260e+02
-3.481481481481481524e+02
-3.480780780780780788e+02
-3.480080080080080052e+02
-3.479379379379379316e+02
-3.478678678678678580e+02
-3.477977977977977844e+02
-3.477277277277277108e+02
-3.476576576576576372e+02
-3.475875875875875636e+02
-3.475175175175174900e+02
-3.474474474474474164e+02
-3.473773773773773996e+02
-3.473073073073073260e+02
-3.472372372372372524e+02
-3.471671671671671788e+02
-3.470970970970971052e+02
-3.470270270270270316e+02
-3.469569569569569580e+02
-3.468868868868868844e+02
-3.468168168168168108e+02
-3.467467467467467372e+02
-3.466766766766766636e+02
-3.466066066066065900e+02
-3.465365365365365165e+02
-3.464664664664664429e+02
-3.463963963963964261e+02
-3.463263263263263525e+02
-3.462562562562562789e+02
-3.461861861861862053e+02
-3.461161161161161317e+02
-3.460460460460460581e+02
-3.459759759759759845e+02
-3.459059059059059109e+02
-3.458358358358358373e+02
-3.457657657657657637e+02
-3.456956956956956901e+02
-3.456256256256256165e+02
-3.455555555555555429e+02
-3.454854854854854693e+02
-3.454154154154153957e+02
-3.453453453453453221e+02
-3.452752752752752485e+02
-3.452052052052051749e+02
-3.451351351351351013e+02
-3.450650650650650846e+02
-3.449949949949950110e+02
-3.449249249249249374e+02
-3.448548548548548638e+02
-3.447847847847847902e+02
-3.447147147147147166e+02
-3.446446446446446430e+02
-3.445745745745745694e+02
-3.445045045045044958e+02
-3.444344344344344222e+02
-3.443643643643643486e+02
-3.442942942942942750e+02
-3.442242242242242014e+02
-3.441541541541541278e+02
-3.440840840840841111e+02
-3.440140140140140375e+02
-3.439439439439439639e+02
-3.438738738738738903e+02
-3.438038038038038167e+02
-3.437337337337337431e+02
-3.436636636636636695e+02
-3.435935935935935959e+02
-3.435235235235235223e+02
-3.434534534534534487e+02
-3.433833833833833751e+02
-3.433133133133133015e+02
-3.432432432432432279e+02
-3.431731731731731543e+02
-3.431031031031030807e+02
-3.430330330330330071e+02
-3.429629629629629335e+02
-3.428928928928928599e+02
-3.428228228228228431e+02
-3.427527527527527695e+02
-3.426826826826826959e+02
-3.426126126126126223e+02
-3.425425425425425487e+02
-3.424724724724724751e+02
-3.424024024024024015e+02
-3.423323323323323280e+02
-3.422622622622622544e+02
-3.421921921921921808e+02
-3.421221221221221072e+02
-3.420520520520520336e+02
-3.419819819819819600e+02
-3.419119119119118864e+02
-3.418418418418418696e+02
-3.417717717717717960e+02
-3.417017017017017224e+02
-3.416316316316316488e+02
-3.415615615615615752e+02
-3.414914914914915016e+02
-3.414214214214214280e+02
-3.413513513513513544e+02
-3.412812812812812808e+02
-3.412112112112112072e+02
-3.411411411411411336e+02
-3.410710710710710600e+02
-3.410010010010009864e+02
-3.409309309309309128e+02
-3.408608608608608392e+02
-3.407907907907907656e+02
-3.407207207207206920e+02
-3.406506506506506184e+02
-3.405805805805806017e+02
-3.405105105105105281e+02
-3.404404404404404545e+02
-3.403703703703703809e+02
-3.403003003003003073e+02
-3.402302302302302337e+02
-3.401601601601601601e+02
-3.400900900900900865e+02
-3.400200200200200129e+02
-3.399499499499499393e+02
-3.398798798798798657e+02
-3.398098098098097921e+02
-3.397397397397397185e+02
-3.396696696696696449e+02
-3.395995995995996282e+02
-3.395295295295295546e+02
-3.394594594594594810e+02
-3.393893893893894074e+02
-3.393193193193193338e+02
-3.392492492492492602e+02
-3.391791791791791866e+02
-3.391091091091091130e+02
-3.390390390390390394e+02
-3.389689689689689658e+02
-3.388988988988988922e+02
-3.388288288288288186e+02
-3.387587587587587450e+02
-3.386886886886886714e+02
-3.386186186186185978e+02
-3.385485485485485242e+02
-3.384784784784784506e+02
-3.384084084084083770e+02
-3.383383383383383602e+02
-3.382682682682682866e+02
-3.381981981981982130e+02
-3.381281281281281395e+02
-3.380580580580580659e+02
-3.379879879879879923e+02
-3.379179179179179187e+02
-3.378478478478478451e+02
-3.377777777777777715e+02
-3.377077077077076979e+02
-3.376376376376376243e+02
-3.375675675675675507e+02
-3.374974974974974771e+02
-3.374274274274274035e+02
-3.373573573573573867e+02
-3.372872872872873131e+02
-3.372172172172172395e+02
-3.371471471471471659e+02
-3.370770770770770923e+02
-3.370070070070070187e+02
-3.369369369369369451e+02
-3.368668668668668715e+02
-3.367967967967967979e+02
-3.367267267267267243e+02
-3.366566566566566507e+02
-3.365865865865865771e+02
-3.365165165165165035e+02
-3.364464464464464299e+02
-3.363763763763763563e+02
-3.363063063063062827e+02
-3.362362362362362092e+02
-3.361661661661661356e+02
-3.360960960960960620e+02
-3.360260260260260452e+02
-3.359559559559559716e+02
-3.358858858858858980e+02
-3.358158158158158244e+02
-3.357457457457457508e+02
-3.356756756756756772e+02
-3.356056056056056036e+02
-3.355355355355355300e+02
-3.354654654654654564e+02
-3.353953953953953828e+02
-3.353253253253253092e+02
-3.352552552552552356e+02
-3.351851851851851620e+02
-3.351151151151151453e+02
-3.350450450450450717e+02
-3.349749749749749981e+02
-3.349049049049049245e+02
-3.348348348348348509e+02
-3.347647647647647773e+02
-3.346946946946947037e+02
-3.346246246246246301e+02
-3.345545545545545565e+02
-3.344844844844844829e+02
-3.344144144144144093e+02
-3.343443443443443357e+02
-3.342742742742742621e+02
-3.342042042042041885e+02
-3.341341341341341149e+02
-3.340640640640640413e+02
-3.339939939939939677e+02
-3.339239239239238941e+02
-3.338538538538538205e+02
-3.337837837837837469e+02
-3.337137137137137302e+02
-3.336436436436436566e+02
-3.335735735735735830e+02
-3.335035035035035094e+02
-3.334334334334334358e+02
-3.333633633633633622e+02
-3.332932932932932886e+02
-3.332232232232232150e+02
-3.331531531531531414e+02
-3.330830830830830678e+02
-3.330130130130129942e+02
-3.329429429429429206e+02
-3.328728728728729038e+02
-3.328028028028028302e+02
-3.327327327327327566e+02
-3.326626626626626830e+02
-3.325925925925926094e+02
-3.325225225225225358e+02
-3.324524524524524622e+02
-3.323823823823823886e+02
-3.323123123123123150e+02
-3.322422422422422414e+02
-3.321721721721721678e+02
-3.321021021021020942e+02
-3.320320320320320207e+02
-3.319619619619619471e+02
-3.318918918918918735e+02
-3.318218218218217999e+02
-3.317517517517517263e+02
-3.316816816816816527e+02
-3.316116116116115791e+02
-3.315415415415415055e+02
-3.314714714714714887e+02
-3.314014014014014151e+02
-3.313313313313313415e+02
-3.312612612612612679e+02
-3.311911911911911943e+02
-3.311211211211211207e+02
-3.310510510510510471e+02
-3.309809809809809735e+02
-3.309109109109108999e+02
-3.308408408408408263e+02
-3.307707707707707527e+02
-3.307007007007006791e+02
-3.306306306306306624e+02
-3.305605605605605888e+02
-3.304904904904905152e+02
-3.304204204204204416e+02
-3.303503503503503680e+02
-3.302802802802802944e+02
-3.302102102102102208e+02
-3.301401401401401472e+02
-3.300700700700700736e+02
-3.300000000000000000e+02
